
============================================================================
        Event  : 1 - run:  500126 - timestamp 1602761969000000000 - weight 1
============================================================================
 date:      15.10.2020  11:39:29.000000000
 detector : unknown
 event parameters: 
 parameter Event Number [int]: 1, 
 parameter ProcessID [int]: 500126, 
 parameter Run ID [int]: 500126, 
 parameter beamPDG1 [int]: 11, 
 parameter beamPDG2 [int]: -11, 
 parameter Energy [float]: 250, 
 parameter _weight [float]: 1, 
 parameter alphaQCD [float]: 1e-06, 
 parameter beamPol1 [float]: -1, 
 parameter beamPol2 [float]: 1, 
 parameter crossSection [float]: 984.312, 
 parameter crossSectionError [float]: 0.980556, 
 parameter scale [float]: 247.644, 
 parameter sqme [float]: 70.0344, 
 parameter BeamSpectrum [string]: CIRCE2: energy_spread/250_SetA_ee024.circe, 
 parameter processName [string]: szeorsw_l0, 

 collection name : MCParticle
 parameters: 

--------------- print out of MCParticle collection --------------- 

  flag:  0x0
  simulator status bits: [sbvtcls]  s: created in simulation b: backscatter v: vertex is not endpoint of parent t: decayed in tracker c: decayed in calorimeter l: has left detector s: stopped o: overlay


[   id   ]index|      PDG |    px,     py,        pz    | px_ep,   py_ep , pz_ep      | energy  |gen|[simstat ]| vertex x,     y   ,   z     | endpoint x,    y  ,   z     |    mass |  charge |            spin             | colorflow | [parents] - [daughters]

[00000005]    0|        11| 0.00e+00, 0.00e+00, 1.25e+02| 0.00e+00, 0.00e+00, 0.00e+00| 1.25e+02| 4 |[    0   ]| 0.00e+00, 0.00e+00, 0.00e+00| 0.00e+00, 0.00e+00, 0.00e+00| 5.11e-04|-1.00e+00| 0.00e+00, 0.00e+00, 0.00e+00|  (0, 0)   | [] - [2,3] 
[00000006]    1|       -11| 0.00e+00, 0.00e+00,-1.25e+02| 0.00e+00, 0.00e+00, 0.00e+00| 1.25e+02| 4 |[    0   ]| 0.00e+00, 0.00e+00, 0.00e+00| 0.00e+00, 0.00e+00, 0.00e+00| 5.11e-04| 1.00e+00| 0.00e+00, 0.00e+00, 0.00e+00|  (0, 0)   | [] - [2,3] 
[00000007]    2|        11| 0.00e+00, 0.00e+00, 1.25e+02| 0.00e+00, 0.00e+00, 0.00e+00| 1.25e+02| 2 |[    0   ]| 0.00e+00, 0.00e+00, 0.00e+00| 0.00e+00, 0.00e+00, 0.00e+00| 5.11e-04|-1.00e+00| 0.00e+00, 0.00e+00, 0.00e+00|  (0, 0)   | [0,1] - [4,6] 
[00000008]    3|       -11| 0.00e+00, 0.00e+00,-1.25e+02| 0.00e+00, 0.00e+00, 0.00e+00| 1.25e+02| 2 |[    0   ]| 0.00e+00, 0.00e+00, 0.00e+00| 0.00e+00, 0.00e+00, 0.00e+00| 5.11e-04| 1.00e+00| 0.00e+00, 0.00e+00, 0.00e+00|  (0, 0)   | [0,1] - [5,7] 
[00000009]    4|        11| 1.73e-02, 4.42e-02, 1.23e+02| 0.00e+00, 0.00e+00, 0.00e+00| 1.23e+02| 3 |[    0   ]| 0.00e+00, 0.00e+00, 0.00e+00| 0.00e+00, 0.00e+00, 0.00e+00| 5.11e-04|-1.00e+00| 0.00e+00, 0.00e+00, 0.00e+00|  (0, 0)   | [2] - [8,9] 
[00000010]    5|       -11| 6.22e-06, 3.05e-05,-1.25e+02| 0.00e+00, 0.00e+00, 0.00e+00| 1.25e+02| 3 |[    0   ]| 0.00e+00, 0.00e+00, 0.00e+00| 0.00e+00, 0.00e+00, 0.00e+00| 5.11e-04| 1.00e+00| 0.00e+00, 0.00e+00, 0.00e+00|  (0, 0)   | [3] - [8,9] 
[00000011]    6|        22|-1.73e-02,-4.42e-02, 1.63e+00| 0.00e+00, 0.00e+00, 0.00e+00| 1.63e+00| 1 |[    0   ]| 0.00e+00, 0.00e+00, 0.00e+00| 0.00e+00, 0.00e+00, 0.00e+00|-2.11e-08| 0.00e+00| 0.00e+00, 0.00e+00, 0.00e+00|  (0, 0)   | [2] - [] 
[00000012]    7|        22|-6.22e-06,-3.05e-05,-8.26e-05| 0.00e+00, 0.00e+00, 0.00e+00| 8.83e-05| 1 |[    0   ]| 0.00e+00, 0.00e+00, 0.00e+00| 0.00e+00, 0.00e+00, 0.00e+00|-1.29e-12| 0.00e+00| 0.00e+00, 0.00e+00, 0.00e+00|  (0, 0)   | [3] - [] 
[00000013]    8|       -24| 5.79e+01, 5.62e+00, 7.47e+01| 0.00e+00, 0.00e+00, 0.00e+00| 1.25e+02| 2 |[    0   ]| 0.00e+00, 0.00e+00, 0.00e+00| 0.00e+00, 0.00e+00, 0.00e+00| 8.14e+01|-1.00e+00| 0.00e+00, 0.00e+00, 0.00e+00|  (0, 0)   | [4,5] - [10,12] 
[00000014]    9|        24|-5.79e+01,-5.58e+00,-7.62e+01| 0.00e+00, 0.00e+00, 0.00e+00| 1.23e+02| 2 |[    0   ]| 0.00e+00, 0.00e+00, 0.00e+00| 0.00e+00, 0.00e+00, 0.00e+00| 7.68e+01| 1.00e+00| 0.00e+00, 0.00e+00, 0.00e+00|  (0, 0)   | [4,5] - [11,13] 
[00000015]   10|       -12|-9.89e-01,-1.47e+01,-1.13e+01| 0.00e+00, 0.00e+00, 0.00e+00| 1.86e+01| 2 |[    0   ]| 0.00e+00, 0.00e+00, 0.00e+00| 0.00e+00, 0.00e+00, 0.00e+00| 3.37e-07| 0.00e+00| 0.00e+00, 0.00e+00, 1.00e+00|  (0, 0)   | [8] - [14] 
[00000016]   11|       -11|-5.95e+01,-1.37e+01,-8.88e+01| 0.00e+00, 0.00e+00, 0.00e+00| 1.08e+02| 2 |[    0   ]| 0.00e+00, 0.00e+00, 0.00e+00| 0.00e+00, 0.00e+00, 0.00e+00| 5.11e-04| 1.00e+00| 0.00e+00, 0.00e+00, 1.00e+00|  (0, 0)   | [9] - [16] 
[00000017]   12|        11| 5.89e+01, 2.03e+01, 8.61e+01| 0.00e+00, 0.00e+00, 0.00e+00| 1.06e+02| 2 |[    0   ]| 0.00e+00, 0.00e+00, 0.00e+00| 0.00e+00, 0.00e+00, 0.00e+00| 5.11e-04|-1.00e+00| 0.00e+00, 0.00e+00,-1.00e+00|  (0, 0)   | [8] - [15] 
[00000018]   13|        12| 1.65e+00, 8.09e+00, 1.26e+01| 0.00e+00, 0.00e+00, 0.00e+00| 1.51e+01| 2 |[    0   ]| 0.00e+00, 0.00e+00, 0.00e+00| 0.00e+00, 0.00e+00, 0.00e+00| 0.00e+00| 0.00e+00| 0.00e+00, 0.00e+00,-1.00e+00|  (0, 0)   | [9] - [16] 
[00000019]   14|       -12|-9.89e-01,-1.47e+01,-1.13e+01| 0.00e+00, 0.00e+00, 0.00e+00| 1.86e+01| 1 |[    0   ]| 0.00e+00, 0.00e+00, 0.00e+00| 0.00e+00, 0.00e+00, 0.00e+00| 2.38e-07| 0.00e+00| 0.00e+00, 0.00e+00, 0.00e+00|  (0, 0)   | [10] - [] 
[00000020]   15|        11| 5.89e+01, 2.03e+01, 8.61e+01| 0.00e+00, 0.00e+00, 0.00e+00| 1.06e+02| 1 |[    0   ]| 0.00e+00, 0.00e+00, 0.00e+00| 0.00e+00, 0.00e+00, 0.00e+00| 5.11e-04|-1.00e+00| 0.00e+00, 0.00e+00, 0.00e+00|  (0, 0)   | [12] - [] 
[00000021]   16|        94|-5.79e+01,-5.58e+00,-7.62e+01| 0.00e+00, 0.00e+00, 0.00e+00| 1.23e+02| 2 |[    0   ]| 0.00e+00, 0.00e+00, 0.00e+00| 0.00e+00, 0.00e+00, 0.00e+00| 7.68e+01| 0.00e+00| 0.00e+00, 0.00e+00, 0.00e+00|  (0, 0)   | [11,13] - [17,18] 
[00000022]   17|       -11|-5.95e+01,-1.37e+01,-8.88e+01| 0.00e+00, 0.00e+00, 0.00e+00| 1.08e+02| 2 |[    0   ]| 0.00e+00, 0.00e+00, 0.00e+00| 0.00e+00, 0.00e+00, 0.00e+00| 2.82e-03| 1.00e+00| 0.00e+00, 0.00e+00, 0.00e+00|  (0, 0)   | [16] - [19,20] 
[00000023]   18|        12| 1.65e+00, 8.09e+00, 1.26e+01| 0.00e+00, 0.00e+00, 0.00e+00| 1.51e+01| 1 |[    0   ]| 0.00e+00, 0.00e+00, 0.00e+00| 0.00e+00, 0.00e+00, 0.00e+00| 2.38e-07| 0.00e+00| 0.00e+00, 0.00e+00, 0.00e+00|  (0, 0)   | [16] - [] 
[00000024]   19|       -11|-5.90e+01,-1.35e+01,-8.79e+01| 0.00e+00, 0.00e+00, 0.00e+00| 1.07e+02| 2 |[    0   ]| 0.00e+00, 0.00e+00, 0.00e+00| 0.00e+00, 0.00e+00, 0.00e+00| 5.86e-04| 1.00e+00| 0.00e+00, 0.00e+00, 0.00e+00|  (0, 0)   | [17] - [21] 
[00000025]   20|        22|-5.43e-01,-1.24e-01,-8.10e-01| 0.00e+00, 0.00e+00, 0.00e+00| 9.83e-01| 1 |[    0   ]| 0.00e+00, 0.00e+00, 0.00e+00| 0.00e+00, 0.00e+00, 0.00e+00| 1.83e-08| 0.00e+00| 0.00e+00, 0.00e+00, 0.00e+00|  (0, 0)   | [17] - [] 
[00000026]   21|       -11|-5.90e+01,-1.35e+01,-8.79e+01| 0.00e+00, 0.00e+00, 0.00e+00| 1.07e+02| 1 |[    0   ]| 0.00e+00, 0.00e+00, 0.00e+00| 0.00e+00, 0.00e+00, 0.00e+00| 5.11e-04| 1.00e+00| 0.00e+00, 0.00e+00, 0.00e+00|  (0, 0)   | [19] - [] 

-------------------------------------------------------------------------------- 
