
============================================================================
        Event  : 2 - run:  500106 - timestamp 1603205047000000000 - weight 1
============================================================================
 date:      20.10.2020  14:44:07.000000000
 detector : unknown
 event parameters: 
 parameter Event Number [int]: 2, 
 parameter ProcessID [int]: 500106, 
 parameter Run ID [int]: 500106, 
 parameter beamPDG1 [int]: 11, 
 parameter beamPDG2 [int]: -11, 
 parameter Energy [float]: 250, 
 parameter _weight [float]: 1, 
 parameter alphaQCD [float]: 1e-06, 
 parameter beamPol1 [float]: -1, 
 parameter beamPol2 [float]: 1, 
 parameter crossSection [float]: 10264, 
 parameter crossSectionError [float]: 5.54532, 
 parameter scale [float]: 249.158, 
 parameter sqme [float]: 3.8964, 
 parameter BeamSpectrum [string]: CIRCE2: energy_spread/250_SetA_ee024.circe, 
 parameter processName [string]: sw_sl0, 

 collection name : MCParticle
 parameters: 

--------------- print out of MCParticle collection --------------- 

  flag:  0x0
  simulator status bits: [sbvtcls]  s: created in simulation b: backscatter v: vertex is not endpoint of parent t: decayed in tracker c: decayed in calorimeter l: has left detector s: stopped o: overlay


[   id   ]index|      PDG |    px,     py,        pz    | px_ep,   py_ep , pz_ep      | energy  |gen|[simstat ]| vertex x,     y   ,   z     | endpoint x,    y  ,   z     |    mass |  charge |            spin             | colorflow | [parents] - [daughters]

[00000005]    0|        11| 0.00e+00, 0.00e+00, 1.25e+02| 0.00e+00, 0.00e+00, 0.00e+00| 1.25e+02| 4 |[    0   ]| 0.00e+00, 0.00e+00, 0.00e+00| 0.00e+00, 0.00e+00, 0.00e+00| 5.11e-04|-1.00e+00| 0.00e+00, 0.00e+00, 0.00e+00|  (0, 0)   | [] - [2,3] 
[00000006]    1|       -11| 0.00e+00, 0.00e+00,-1.25e+02| 0.00e+00, 0.00e+00, 0.00e+00| 1.25e+02| 4 |[    0   ]| 0.00e+00, 0.00e+00, 0.00e+00| 0.00e+00, 0.00e+00, 0.00e+00| 5.11e-04| 1.00e+00| 0.00e+00, 0.00e+00, 0.00e+00|  (0, 0)   | [] - [2,3] 
[00000007]    2|        11| 0.00e+00, 0.00e+00, 1.25e+02| 0.00e+00, 0.00e+00, 0.00e+00| 1.25e+02| 2 |[    0   ]| 0.00e+00, 0.00e+00, 0.00e+00| 0.00e+00, 0.00e+00, 0.00e+00| 5.11e-04|-1.00e+00| 0.00e+00, 0.00e+00, 0.00e+00|  (0, 0)   | [0,1] - [4,6] 
[00000008]    3|       -11| 0.00e+00, 0.00e+00,-1.24e+02| 0.00e+00, 0.00e+00, 0.00e+00| 1.24e+02| 2 |[    0   ]| 0.00e+00, 0.00e+00, 0.00e+00| 0.00e+00, 0.00e+00, 0.00e+00| 5.11e-04| 1.00e+00| 0.00e+00, 0.00e+00, 0.00e+00|  (0, 0)   | [0,1] - [5,7] 
[00000009]    4|        11|-2.04e-06, 2.89e-06, 1.25e+02| 0.00e+00, 0.00e+00, 0.00e+00| 1.25e+02| 3 |[    0   ]| 0.00e+00, 0.00e+00, 0.00e+00| 0.00e+00, 0.00e+00, 0.00e+00| 5.11e-04|-1.00e+00| 0.00e+00, 0.00e+00, 0.00e+00|  (0, 0)   | [2] - [8,9] 
[00000010]    5|       -11| 5.98e-04, 1.09e-03,-1.24e+02| 0.00e+00, 0.00e+00, 0.00e+00| 1.24e+02| 3 |[    0   ]| 0.00e+00, 0.00e+00, 0.00e+00| 0.00e+00, 0.00e+00, 0.00e+00| 5.11e-04| 1.00e+00| 0.00e+00, 0.00e+00, 0.00e+00|  (0, 0)   | [3] - [8,9] 
[00000011]    6|        22| 2.04e-06,-2.89e-06, 2.27e-02| 0.00e+00, 0.00e+00, 0.00e+00| 2.27e-02| 1 |[    0   ]| 0.00e+00, 0.00e+00, 0.00e+00| 0.00e+00, 0.00e+00, 0.00e+00| 0.00e+00| 0.00e+00| 0.00e+00, 0.00e+00, 0.00e+00|  (0, 0)   | [2] - [] 
[00000012]    7|        22|-5.98e-04,-1.09e-03,-1.72e-03| 0.00e+00, 0.00e+00, 0.00e+00| 2.12e-03| 1 |[    0   ]| 0.00e+00, 0.00e+00, 0.00e+00| 0.00e+00, 0.00e+00, 0.00e+00| 2.91e-11| 0.00e+00| 0.00e+00, 0.00e+00, 0.00e+00|  (0, 0)   | [3] - [] 
[00000013]    8|        24|-9.16e+01, 1.46e+01,-1.14e+01| 0.00e+00, 0.00e+00, 0.00e+00| 1.22e+02| 2 |[    0   ]| 0.00e+00, 0.00e+00, 0.00e+00| 0.00e+00, 0.00e+00, 0.00e+00| 7.84e+01| 1.00e+00| 0.00e+00, 0.00e+00, 0.00e+00|  (0, 0)   | [4,5] - [10,11] 
[00000014]    9|       -24| 9.16e+01,-1.46e+01, 1.18e+01| 0.00e+00, 0.00e+00, 0.00e+00| 1.27e+02| 2 |[    0   ]| 0.00e+00, 0.00e+00, 0.00e+00| 0.00e+00, 0.00e+00, 0.00e+00| 8.61e+01|-1.00e+00| 0.00e+00, 0.00e+00, 0.00e+00|  (0, 0)   | [4,5] - [12,13] 
[00000015]   10|         4|-6.78e+01,-9.61e+00, 2.43e+01| 0.00e+00, 0.00e+00, 0.00e+00| 7.27e+01| 2 |[    0   ]| 0.00e+00, 0.00e+00, 0.00e+00| 0.00e+00, 0.00e+00, 0.00e+00| 1.35e-06| 6.67e-01| 0.00e+00, 0.00e+00,-1.00e+00|  (1, 0)   | [8] - [16] 
[00000016]   11|        -3|-2.38e+01, 2.43e+01,-3.57e+01| 0.00e+00, 0.00e+00, 0.00e+00| 4.93e+01| 2 |[    0   ]| 0.00e+00, 0.00e+00, 0.00e+00| 0.00e+00, 0.00e+00, 0.00e+00| 6.74e-07| 3.33e-01| 0.00e+00, 0.00e+00, 1.00e+00|  (0, 1)   | [8] - [16] 
[00000017]   12|        11| 3.03e+01,-2.85e+01,-3.03e+01| 0.00e+00, 0.00e+00, 0.00e+00| 5.15e+01| 2 |[    0   ]| 0.00e+00, 0.00e+00, 0.00e+00| 0.00e+00, 0.00e+00, 0.00e+00| 5.11e-04|-1.00e+00| 0.00e+00, 0.00e+00,-1.00e+00|  (0, 0)   | [9] - [14] 
[00000018]   13|       -12| 6.13e+01, 1.39e+01, 4.21e+01| 0.00e+00, 0.00e+00, 0.00e+00| 7.57e+01| 2 |[    0   ]| 0.00e+00, 0.00e+00, 0.00e+00| 0.00e+00, 0.00e+00, 0.00e+00|-1.35e-06| 0.00e+00| 0.00e+00, 0.00e+00, 1.00e+00|  (0, 0)   | [9] - [15] 
[00000019]   14|        11| 3.03e+01,-2.85e+01,-3.03e+01| 0.00e+00, 0.00e+00, 0.00e+00| 5.15e+01| 1 |[    0   ]| 0.00e+00, 0.00e+00, 0.00e+00| 0.00e+00, 0.00e+00, 0.00e+00| 5.11e-04|-1.00e+00| 0.00e+00, 0.00e+00, 0.00e+00|  (0, 0)   | [12] - [] 
[00000020]   15|       -12| 6.13e+01, 1.39e+01, 4.21e+01| 0.00e+00, 0.00e+00, 0.00e+00| 7.57e+01| 1 |[    0   ]| 0.00e+00, 0.00e+00, 0.00e+00| 0.00e+00, 0.00e+00, 0.00e+00| 1.35e-06| 0.00e+00| 0.00e+00, 0.00e+00, 0.00e+00|  (0, 0)   | [13] - [] 
[00000021]   16|        94|-9.16e+01, 1.46e+01,-1.14e+01| 0.00e+00, 0.00e+00, 0.00e+00| 1.22e+02| 2 |[    0   ]| 0.00e+00, 0.00e+00, 0.00e+00| 0.00e+00, 0.00e+00, 0.00e+00| 7.84e+01| 0.00e+00| 0.00e+00, 0.00e+00, 0.00e+00|  (0, 0)   | [10,11] - [17,18] 
[00000022]   17|         4|-6.90e+01,-6.78e+00, 1.99e+01| 0.00e+00, 0.00e+00, 0.00e+00| 7.65e+01| 2 |[    0   ]| 0.00e+00, 0.00e+00, 0.00e+00| 0.00e+00, 0.00e+00, 0.00e+00| 2.55e+01| 6.67e-01| 0.00e+00, 0.00e+00, 0.00e+00|  (500, 0)   | [16] - [19,20] 
[00000023]   18|        -3|-2.26e+01, 2.14e+01,-3.14e+01| 0.00e+00, 0.00e+00, 0.00e+00| 4.55e+01| 2 |[    0   ]| 0.00e+00, 0.00e+00, 0.00e+00| 0.00e+00, 0.00e+00, 0.00e+00| 1.07e+01| 3.33e-01| 0.00e+00, 0.00e+00, 0.00e+00|  (501, 500)   | [16] - [21,22] 
[00000024]   19|         4|-1.04e+01, 6.12e+00, 5.21e-01| 0.00e+00, 0.00e+00, 0.00e+00| 1.28e+01| 2 |[    0   ]| 0.00e+00, 0.00e+00, 0.00e+00| 0.00e+00, 0.00e+00, 0.00e+00| 4.28e+00| 6.67e-01| 0.00e+00, 0.00e+00, 0.00e+00|  (502, 501)   | [17] - [23,24] 
[00000025]   20|        21|-5.86e+01,-1.29e+01, 1.94e+01| 0.00e+00, 0.00e+00, 0.00e+00| 6.37e+01| 2 |[    0   ]| 0.00e+00, 0.00e+00, 0.00e+00| 0.00e+00, 0.00e+00, 0.00e+00| 9.04e+00| 0.00e+00| 0.00e+00, 0.00e+00, 0.00e+00|  (503, 502)   | [17] - [25,26] 
[00000026]   21|        -3|-2.11e+01, 1.94e+01,-3.16e+01| 0.00e+00, 0.00e+00, 0.00e+00| 4.29e+01| 2 |[    0   ]| 0.00e+00, 0.00e+00, 0.00e+00| 0.00e+00, 0.00e+00, 0.00e+00| 4.97e+00| 3.33e-01| 0.00e+00, 0.00e+00, 0.00e+00|  (504, 503)   | [18] - [27,28] 
[00000027]   22|        21|-1.57e+00, 2.07e+00, 2.05e-01| 0.00e+00, 0.00e+00, 0.00e+00| 2.60e+00| 2 |[    0   ]| 0.00e+00, 0.00e+00, 0.00e+00| 0.00e+00, 0.00e+00, 0.00e+00| 0.00e+00| 0.00e+00| 0.00e+00, 0.00e+00, 0.00e+00|  (505, 504)   | [18] - [42] 
[00000028]   23|         4|-8.55e+00, 2.78e+00, 5.46e-01| 0.00e+00, 0.00e+00, 0.00e+00| 9.01e+00| 2 |[    0   ]| 0.00e+00, 0.00e+00, 0.00e+00| 0.00e+00, 0.00e+00, 0.00e+00| 2.06e-07| 6.67e-01| 0.00e+00, 0.00e+00, 0.00e+00|  (506, 505)   | [19] - [35] 
[00000029]   24|        21|-1.87e+00, 3.33e+00,-2.54e-02| 0.00e+00, 0.00e+00, 0.00e+00| 3.82e+00| 2 |[    0   ]| 0.00e+00, 0.00e+00, 0.00e+00| 0.00e+00, 0.00e+00, 0.00e+00| 7.30e-08| 0.00e+00| 0.00e+00, 0.00e+00, 0.00e+00|  (507, 506)   | [19] - [36] 
[00000030]   25|        21|-5.83e+01,-1.29e+01, 1.89e+01| 0.00e+00, 0.00e+00, 0.00e+00| 6.32e+01| 2 |[    0   ]| 0.00e+00, 0.00e+00, 0.00e+00| 0.00e+00, 0.00e+00, 0.00e+00| 8.04e+00| 0.00e+00| 0.00e+00, 0.00e+00, 0.00e+00|  (508, 507)   | [20] - [29,30] 
[00000031]   26|        21|-2.65e-01,-4.28e-02, 4.51e-01| 0.00e+00, 0.00e+00, 0.00e+00| 5.25e-01| 2 |[    0   ]| 0.00e+00, 0.00e+00, 0.00e+00| 0.00e+00, 0.00e+00, 0.00e+00| 0.00e+00| 0.00e+00| 0.00e+00, 0.00e+00, 0.00e+00|  (509, 508)   | [20] - [37] 
[00000032]   27|        -3|-9.77e+00, 9.87e+00,-1.88e+01| 0.00e+00, 0.00e+00, 0.00e+00| 2.34e+01| 2 |[    0   ]| 0.00e+00, 0.00e+00, 0.00e+00| 0.00e+00, 0.00e+00, 0.00e+00| 4.77e-07| 3.33e-01| 0.00e+00, 0.00e+00, 0.00e+00|  (510, 509)   | [21] - [44] 
[00000033]   28|        21|-1.13e+01, 9.50e+00,-1.27e+01| 0.00e+00, 0.00e+00, 0.00e+00| 1.95e+01| 2 |[    0   ]| 0.00e+00, 0.00e+00, 0.00e+00| 0.00e+00, 0.00e+00, 0.00e+00| 3.37e-07| 0.00e+00| 0.00e+00, 0.00e+00, 0.00e+00|  (511, 510)   | [21] - [43] 
[00000034]   29|        21|-1.47e+00, 1.86e-01, 1.53e+00| 0.00e+00, 0.00e+00, 0.00e+00| 2.13e+00| 2 |[    0   ]| 0.00e+00, 0.00e+00, 0.00e+00| 0.00e+00, 0.00e+00, 0.00e+00| 4.21e-08| 0.00e+00| 0.00e+00, 0.00e+00, 0.00e+00|  (512, 511)   | [25] - [38] 
[00000035]   30|        21|-5.68e+01,-1.30e+01, 1.74e+01| 0.00e+00, 0.00e+00, 0.00e+00| 6.10e+01| 2 |[    0   ]| 0.00e+00, 0.00e+00, 0.00e+00| 0.00e+00, 0.00e+00, 0.00e+00| 4.49e+00| 0.00e+00| 0.00e+00, 0.00e+00, 0.00e+00|  (513, 512)   | [25] - [31,32] 
[00000036]   31|        21|-5.26e+01,-1.16e+01, 1.53e+01| 0.00e+00, 0.00e+00, 0.00e+00| 5.61e+01| 2 |[    0   ]| 0.00e+00, 0.00e+00, 0.00e+00| 0.00e+00, 0.00e+00, 0.00e+00| 2.83e+00| 0.00e+00| 0.00e+00, 0.00e+00, 0.00e+00|  (514, 513)   | [30] - [33,34] 
[00000037]   32|        21|-4.21e+00,-1.43e+00, 2.16e+00| 0.00e+00, 0.00e+00, 0.00e+00| 4.94e+00| 2 |[    0   ]| 0.00e+00, 0.00e+00, 0.00e+00| 0.00e+00, 0.00e+00, 0.00e+00| 5.96e-08| 0.00e+00| 0.00e+00, 0.00e+00, 0.00e+00|  (515, 514)   | [30] - [39] 
[00000038]   33|        21|-1.15e+01,-1.35e+00, 3.39e+00| 0.00e+00, 0.00e+00, 0.00e+00| 1.20e+01| 2 |[    0   ]| 0.00e+00, 0.00e+00, 0.00e+00| 0.00e+00, 0.00e+00, 0.00e+00| 2.38e-07| 0.00e+00| 0.00e+00, 0.00e+00, 0.00e+00|  (516, 515)   | [31] - [40] 
[00000039]   34|        21|-4.12e+01,-1.03e+01, 1.19e+01| 0.00e+00, 0.00e+00, 0.00e+00| 4.41e+01| 2 |[    0   ]| 0.00e+00, 0.00e+00, 0.00e+00| 0.00e+00, 0.00e+00, 0.00e+00| 9.54e-07| 0.00e+00| 0.00e+00, 0.00e+00, 0.00e+00|  (517, 516)   | [31] - [41] 
[00000040]   35|         4|-8.55e+00, 2.78e+00, 5.46e-01| 0.00e+00, 0.00e+00, 0.00e+00| 9.01e+00| 2 |[    0   ]| 0.00e+00, 0.00e+00, 0.00e+00| 0.00e+00, 0.00e+00, 0.00e+00| 2.06e-07| 6.67e-01| 0.00e+00, 0.00e+00, 0.00e+00|  (518, 517)   | [23] - [45] 
[00000041]   36|        21|-1.87e+00, 3.33e+00,-2.54e-02| 0.00e+00, 0.00e+00, 0.00e+00| 3.82e+00| 2 |[    0   ]| 0.00e+00, 0.00e+00, 0.00e+00| 0.00e+00, 0.00e+00, 0.00e+00| 7.30e-08| 0.00e+00| 0.00e+00, 0.00e+00, 0.00e+00|  (519, 518)   | [24] - [45] 
[00000042]   37|        21|-2.65e-01,-4.28e-02, 4.51e-01| 0.00e+00, 0.00e+00, 0.00e+00| 5.25e-01| 2 |[    0   ]| 0.00e+00, 0.00e+00, 0.00e+00| 0.00e+00, 0.00e+00, 0.00e+00| 0.00e+00| 0.00e+00| 0.00e+00, 0.00e+00, 0.00e+00|  (520, 519)   | [26] - [45] 
[00000043]   38|        21|-1.47e+00, 1.86e-01, 1.53e+00| 0.00e+00, 0.00e+00, 0.00e+00| 2.13e+00| 2 |[    0   ]| 0.00e+00, 0.00e+00, 0.00e+00| 0.00e+00, 0.00e+00, 0.00e+00| 4.21e-08| 0.00e+00| 0.00e+00, 0.00e+00, 0.00e+00|  (521, 520)   | [29] - [45] 
[00000044]   39|        21|-4.21e+00,-1.43e+00, 2.16e+00| 0.00e+00, 0.00e+00, 0.00e+00| 4.94e+00| 2 |[    0   ]| 0.00e+00, 0.00e+00, 0.00e+00| 0.00e+00, 0.00e+00, 0.00e+00| 5.96e-08| 0.00e+00| 0.00e+00, 0.00e+00, 0.00e+00|  (522, 521)   | [32] - [45] 
[00000045]   40|        21|-1.15e+01,-1.35e+00, 3.39e+00| 0.00e+00, 0.00e+00, 0.00e+00| 1.20e+01| 2 |[    0   ]| 0.00e+00, 0.00e+00, 0.00e+00| 0.00e+00, 0.00e+00, 0.00e+00| 2.38e-07| 0.00e+00| 0.00e+00, 0.00e+00, 0.00e+00|  (523, 522)   | [33] - [45] 
[00000046]   41|        21|-4.12e+01,-1.03e+01, 1.19e+01| 0.00e+00, 0.00e+00, 0.00e+00| 4.41e+01| 2 |[    0   ]| 0.00e+00, 0.00e+00, 0.00e+00| 0.00e+00, 0.00e+00, 0.00e+00| 9.54e-07| 0.00e+00| 0.00e+00, 0.00e+00, 0.00e+00|  (524, 523)   | [34] - [45] 
[00000047]   42|        21|-1.57e+00, 2.07e+00, 2.05e-01| 0.00e+00, 0.00e+00, 0.00e+00| 2.60e+00| 2 |[    0   ]| 0.00e+00, 0.00e+00, 0.00e+00| 0.00e+00, 0.00e+00, 0.00e+00| 0.00e+00| 0.00e+00| 0.00e+00, 0.00e+00, 0.00e+00|  (525, 524)   | [22] - [45] 
[00000048]   43|        21|-1.13e+01, 9.50e+00,-1.27e+01| 0.00e+00, 0.00e+00, 0.00e+00| 1.95e+01| 2 |[    0   ]| 0.00e+00, 0.00e+00, 0.00e+00| 0.00e+00, 0.00e+00, 0.00e+00| 3.37e-07| 0.00e+00| 0.00e+00, 0.00e+00, 0.00e+00|  (526, 525)   | [28] - [45] 
[00000049]   44|        -3|-9.77e+00, 9.87e+00,-1.88e+01| 0.00e+00, 0.00e+00, 0.00e+00| 2.34e+01| 2 |[    0   ]| 0.00e+00, 0.00e+00, 0.00e+00| 0.00e+00, 0.00e+00, 0.00e+00| 4.77e-07| 3.33e-01| 0.00e+00, 0.00e+00, 0.00e+00|  (0, 526)   | [27] - [45] 
[00000050]   45|        92|-9.16e+01, 1.46e+01,-1.14e+01| 0.00e+00, 0.00e+00, 0.00e+00| 1.22e+02| 2 |[    0   ]| 0.00e+00, 0.00e+00, 0.00e+00| 0.00e+00, 0.00e+00, 0.00e+00| 7.84e+01| 0.00e+00| 0.00e+00, 0.00e+00, 0.00e+00|  (0, 0)   | [35,36,37,38,39,40,41,42,43,44] - [46,47,48,49,50,51,52,53,54,55,56,57,58,59,60,61,62,63] 
[00000051]   46|     20413|-6.06e+00, 2.98e+00, 1.64e-01| 0.00e+00, 0.00e+00, 0.00e+00| 7.17e+00| 2 |[    0   ]| 0.00e+00, 0.00e+00, 0.00e+00| 0.00e+00, 0.00e+00, 0.00e+00| 2.39e+00| 1.00e+00| 0.00e+00, 0.00e+00, 0.00e+00|  (0, 0)   | [45] - [64,65] 
[00000052]   47|      2214|-3.11e+00, 1.25e+00, 5.42e-01| 0.00e+00, 0.00e+00, 0.00e+00| 3.62e+00| 2 |[    0   ]| 0.00e+00, 0.00e+00, 0.00e+00| 0.00e+00, 0.00e+00, 0.00e+00| 1.25e+00| 1.00e+00| 0.00e+00, 0.00e+00, 0.00e+00|  (0, 0)   | [45] - [66,67] 
[00000053]   48|      -213|-1.29e+00, 1.03e+00, 9.92e-01| 0.00e+00, 0.00e+00, 0.00e+00| 2.01e+00| 2 |[    0   ]| 0.00e+00, 0.00e+00, 0.00e+00| 0.00e+00, 0.00e+00, 0.00e+00| 5.91e-01|-1.00e+00| 0.00e+00, 0.00e+00, 0.00e+00|  (0, 0)   | [45] - [68,69] 
[00000054]   49|     -2114|-1.37e+00, 8.17e-01, 3.22e-01| 0.00e+00, 0.00e+00, 0.00e+00| 2.03e+00| 2 |[    0   ]| 0.00e+00, 0.00e+00, 0.00e+00| 0.00e+00, 0.00e+00, 0.00e+00| 1.22e+00| 0.00e+00| 0.00e+00, 0.00e+00, 0.00e+00|  (0, 0)   | [45] - [70,71] 
[00000055]   50|       311|-1.46e+00,-3.63e-01, 1.08e+00| 0.00e+00, 0.00e+00, 0.00e+00| 1.92e+00| 2 |[    0   ]| 0.00e+00, 0.00e+00, 0.00e+00| 0.00e+00, 0.00e+00, 0.00e+00| 4.98e-01| 0.00e+00| 0.00e+00, 0.00e+00, 0.00e+00|  (0, 0)   | [45] - [72] 
[00000056]   51|      -321|-4.49e+00,-4.83e-01, 1.18e+00| 0.00e+00, 0.00e+00, 0.00e+00| 4.69e+00| 1 |[    0   ]| 0.00e+00, 0.00e+00, 0.00e+00| 0.00e+00, 0.00e+00, 0.00e+00| 4.94e-01|-1.00e+00| 0.00e+00, 0.00e+00, 0.00e+00|  (0, 0)   | [45] - [] 
[00000057]   52|       213|-2.90e+00,-3.28e-01, 1.07e+00| 0.00e+00, 0.00e+00, 0.00e+00| 3.21e+00| 2 |[    0   ]| 0.00e+00, 0.00e+00, 0.00e+00| 0.00e+00, 0.00e+00, 0.00e+00| 8.24e-01| 1.00e+00| 0.00e+00, 0.00e+00, 0.00e+00|  (0, 0)   | [45] - [73,74] 
[00000058]   53|      -213|-2.37e+01,-6.18e+00, 7.41e+00| 0.00e+00, 0.00e+00, 0.00e+00| 2.56e+01| 2 |[    0   ]| 0.00e+00, 0.00e+00, 0.00e+00| 0.00e+00, 0.00e+00, 0.00e+00| 8.10e-01|-1.00e+00| 0.00e+00, 0.00e+00, 0.00e+00|  (0, 0)   | [45] - [75,76] 
[00000059]   54|       111|-1.62e+01,-3.66e+00, 4.91e+00| 0.00e+00, 0.00e+00, 0.00e+00| 1.73e+01| 2 |[    0   ]| 0.00e+00, 0.00e+00, 0.00e+00|-1.93e-03,-4.37e-04, 5.87e-04| 1.35e-01| 0.00e+00| 0.00e+00, 0.00e+00, 0.00e+00|  (0, 0)   | [45] - [77,78] 
[00000060]   55|       111|-4.60e+00,-1.22e+00, 4.66e-01| 0.00e+00, 0.00e+00, 0.00e+00| 4.79e+00| 2 |[    0   ]| 0.00e+00, 0.00e+00, 0.00e+00|-2.68e-03,-7.08e-04, 2.71e-04| 1.35e-01| 0.00e+00| 0.00e+00, 0.00e+00, 0.00e+00|  (0, 0)   | [45] - [79,80] 
[00000061]   56|     10213|-2.69e+00, 6.98e-01, 8.50e-01| 0.00e+00, 0.00e+00, 0.00e+00| 3.15e+00| 2 |[    0   ]| 0.00e+00, 0.00e+00, 0.00e+00| 0.00e+00, 0.00e+00, 0.00e+00| 1.21e+00| 1.00e+00| 0.00e+00, 0.00e+00, 0.00e+00|  (0, 0)   | [45] - [81,82] 
[00000062]   57|       331|-1.34e+00,-4.50e-01, 8.20e-01| 0.00e+00, 0.00e+00, 0.00e+00| 1.89e+00| 2 |[    0   ]| 0.00e+00, 0.00e+00, 0.00e+00| 0.00e+00, 0.00e+00, 0.00e+00| 9.58e-01| 0.00e+00| 0.00e+00, 0.00e+00, 0.00e+00|  (0, 0)   | [45] - [83,84,85] 
[00000063]   58|       313|-1.99e+00, 1.61e+00,-1.30e+00| 0.00e+00, 0.00e+00, 0.00e+00| 3.00e+00| 2 |[    0   ]| 0.00e+00, 0.00e+00, 0.00e+00| 0.00e+00, 0.00e+00, 0.00e+00| 8.75e-01| 0.00e+00| 0.00e+00, 0.00e+00, 0.00e+00|  (0, 0)   | [45] - [86,87] 
[00000064]   59|       335|-4.36e+00, 3.53e+00,-3.75e+00| 0.00e+00, 0.00e+00, 0.00e+00| 6.91e+00| 2 |[    0   ]| 0.00e+00, 0.00e+00, 0.00e+00| 0.00e+00, 0.00e+00, 0.00e+00| 1.51e+00| 0.00e+00| 0.00e+00, 0.00e+00, 0.00e+00|  (0, 0)   | [45] - [88,89] 
[00000065]   60|      -313|-2.34e+00, 2.49e+00,-4.29e+00| 0.00e+00, 0.00e+00, 0.00e+00| 5.56e+00| 2 |[    0   ]| 0.00e+00, 0.00e+00, 0.00e+00| 0.00e+00, 0.00e+00, 0.00e+00| 8.92e-01| 0.00e+00| 0.00e+00, 0.00e+00, 0.00e+00|  (0, 0)   | [45] - [90,91] 
[00000066]   61|     10113|-6.48e+00, 5.39e+00,-8.30e+00| 0.00e+00, 0.00e+00, 0.00e+00| 1.19e+01| 2 |[    0   ]| 0.00e+00, 0.00e+00, 0.00e+00| 0.00e+00, 0.00e+00, 0.00e+00| 1.42e+00| 0.00e+00| 0.00e+00, 0.00e+00, 0.00e+00|  (0, 0)   | [45] - [92,93] 
[00000067]   62|       113|-3.42e+00, 4.25e+00,-6.27e+00| 0.00e+00, 0.00e+00, 0.00e+00| 8.34e+00| 2 |[    0   ]| 0.00e+00, 0.00e+00, 0.00e+00| 0.00e+00, 0.00e+00, 0.00e+00| 7.33e-01| 0.00e+00| 0.00e+00, 0.00e+00, 0.00e+00|  (0, 0)   | [45] - [94,95] 
[00000068]   63|       311|-3.92e+00, 3.28e+00,-7.34e+00| 0.00e+00, 0.00e+00, 0.00e+00| 8.96e+00| 2 |[    0   ]| 0.00e+00, 0.00e+00, 0.00e+00| 0.00e+00, 0.00e+00, 0.00e+00| 4.98e-01| 0.00e+00| 0.00e+00, 0.00e+00, 0.00e+00|  (0, 0)   | [45] - [96] 
[00000069]   64|       423|-5.58e+00, 2.74e+00, 4.37e-01| 0.00e+00, 0.00e+00, 0.00e+00| 6.55e+00| 2 |[    0   ]| 0.00e+00, 0.00e+00, 0.00e+00| 0.00e+00, 0.00e+00, 0.00e+00| 2.01e+00| 0.00e+00| 0.00e+00, 0.00e+00, 0.00e+00|  (0, 0)   | [46] - [97,98] 
[00000070]   65|       211|-4.79e-01, 2.47e-01,-2.73e-01| 0.00e+00, 0.00e+00, 0.00e+00| 6.20e-01| 1 |[    0   ]| 0.00e+00, 0.00e+00, 0.00e+00| 0.00e+00, 0.00e+00, 0.00e+00| 1.40e-01| 1.00e+00| 0.00e+00, 0.00e+00, 0.00e+00|  (0, 0)   | [46] - [] 
[00000071]   66|      2212|-2.60e+00, 9.31e-01, 2.22e-01| 0.00e+00, 0.00e+00, 0.00e+00| 2.92e+00| 1 |[    0   ]| 0.00e+00, 0.00e+00, 0.00e+00| 0.00e+00, 0.00e+00, 0.00e+00| 9.38e-01| 1.00e+00| 0.00e+00, 0.00e+00, 0.00e+00|  (0, 0)   | [47] - [] 
[00000072]   67|       111|-5.10e-01, 3.18e-01, 3.20e-01| 0.00e+00, 0.00e+00, 0.00e+00| 6.94e-01| 2 |[    0   ]| 0.00e+00, 0.00e+00, 0.00e+00|-9.15e-06, 5.70e-06, 5.74e-06| 1.35e-01| 0.00e+00| 0.00e+00, 0.00e+00, 0.00e+00|  (0, 0)   | [47] - [99,100] 
[00000073]   68|      -211|-4.63e-01, 4.23e-01, 6.77e-01| 0.00e+00, 0.00e+00, 0.00e+00| 9.34e-01| 1 |[    0   ]| 0.00e+00, 0.00e+00, 0.00e+00| 0.00e+00, 0.00e+00, 0.00e+00| 1.40e-01|-1.00e+00| 0.00e+00, 0.00e+00, 0.00e+00|  (0, 0)   | [48] - [] 
[00000074]   69|       111|-8.23e-01, 6.09e-01, 3.15e-01| 0.00e+00, 0.00e+00, 0.00e+00| 1.08e+00| 2 |[    0   ]| 0.00e+00, 0.00e+00, 0.00e+00|-7.21e-05, 5.34e-05, 2.76e-05| 1.35e-01| 0.00e+00| 0.00e+00, 0.00e+00, 0.00e+00|  (0, 0)   | [48] - [101,102] 
[00000075]   70|     -2112|-1.29e+00, 5.87e-01, 3.97e-01| 0.00e+00, 0.00e+00, 0.00e+00| 1.74e+00| 1 |[    0   ]| 0.00e+00, 0.00e+00, 0.00e+00| 0.00e+00, 0.00e+00, 0.00e+00| 9.40e-01| 0.00e+00| 0.00e+00, 0.00e+00, 0.00e+00|  (0, 0)   | [49] - [] 
[00000076]   71|       111|-8.92e-02, 2.31e-01,-7.52e-02| 0.00e+00, 0.00e+00, 0.00e+00| 2.91e-01| 2 |[    0   ]| 0.00e+00, 0.00e+00, 0.00e+00|-2.87e-06, 7.43e-06,-2.42e-06| 1.35e-01| 0.00e+00| 0.00e+00, 0.00e+00, 0.00e+00|  (0, 0)   | [49] - [103,104] 
[00000077]   72|       130|-1.46e+00,-3.63e-01, 1.08e+00| 0.00e+00, 0.00e+00, 0.00e+00| 1.92e+00| 1 |[    0   ]| 0.00e+00, 0.00e+00, 0.00e+00| 0.00e+00, 0.00e+00, 0.00e+00| 4.98e-01| 0.00e+00| 0.00e+00, 0.00e+00, 0.00e+00|  (0, 0)   | [50] - [] 
[00000078]   73|       211|-2.84e+00,-3.83e-01, 1.03e+00| 0.00e+00, 0.00e+00, 0.00e+00| 3.05e+00| 1 |[    0   ]| 0.00e+00, 0.00e+00, 0.00e+00| 0.00e+00, 0.00e+00, 0.00e+00| 1.40e-01| 1.00e+00| 0.00e+00, 0.00e+00, 0.00e+00|  (0, 0)   | [52] - [] 
[00000079]   74|       111|-5.29e-02, 5.58e-02, 3.51e-02| 0.00e+00, 0.00e+00, 0.00e+00| 1.59e-01| 2 |[    0   ]| 0.00e+00, 0.00e+00, 0.00e+00|-1.14e-05, 1.21e-05, 7.59e-06| 1.35e-01| 0.00e+00| 0.00e+00, 0.00e+00, 0.00e+00|  (0, 0)   | [52] - [105,106] 
[00000080]   75|      -211|-1.79e+01,-4.40e+00, 5.76e+00| 0.00e+00, 0.00e+00, 0.00e+00| 1.93e+01| 1 |[    0   ]| 0.00e+00, 0.00e+00, 0.00e+00| 0.00e+00, 0.00e+00, 0.00e+00| 1.40e-01|-1.00e+00| 0.00e+00, 0.00e+00, 0.00e+00|  (0, 0)   | [53] - [] 
[00000081]   76|       111|-5.73e+00,-1.78e+00, 1.65e+00| 0.00e+00, 0.00e+00, 0.00e+00| 6.22e+00| 2 |[    0   ]| 0.00e+00, 0.00e+00, 0.00e+00|-2.09e-03,-6.51e-04, 6.03e-04| 1.35e-01| 0.00e+00| 0.00e+00, 0.00e+00, 0.00e+00|  (0, 0)   | [53] - [107,108] 
[00000082]   77|        22|-6.09e+00,-1.31e+00, 1.84e+00| 0.00e+00, 0.00e+00, 0.00e+00| 6.49e+00| 1 |[    0   ]|-1.93e-03,-4.37e-04, 5.87e-04| 0.00e+00, 0.00e+00, 0.00e+00| 1.19e-07| 0.00e+00| 0.00e+00, 0.00e+00, 0.00e+00|  (0, 0)   | [54] - [] 
[00000083]   78|        22|-1.01e+01,-2.35e+00, 3.06e+00| 0.00e+00, 0.00e+00, 0.00e+00| 1.08e+01| 1 |[    0   ]|-1.93e-03,-4.37e-04, 5.87e-04| 0.00e+00, 0.00e+00, 0.00e+00| 2.38e-07| 0.00e+00| 0.00e+00, 0.00e+00, 0.00e+00|  (0, 0)   | [54] - [] 
[00000084]   79|        22|-3.43e+00,-8.97e-01, 4.05e-01| 0.00e+00, 0.00e+00, 0.00e+00| 3.57e+00| 1 |[    0   ]|-2.68e-03,-7.08e-04, 2.71e-04| 0.00e+00, 0.00e+00, 0.00e+00| 5.96e-08| 0.00e+00| 0.00e+00, 0.00e+00, 0.00e+00|  (0, 0)   | [55] - [] 
[00000085]   80|        22|-1.17e+00,-3.19e-01, 6.05e-02| 0.00e+00, 0.00e+00, 0.00e+00| 1.22e+00| 1 |[    0   ]|-2.68e-03,-7.08e-04, 2.71e-04| 0.00e+00, 0.00e+00, 0.00e+00| 2.11e-08| 0.00e+00| 0.00e+00, 0.00e+00, 0.00e+00|  (0, 0)   | [55] - [] 
[00000086]   81|       223|-1.71e+00, 1.14e-01, 4.52e-01| 0.00e+00, 0.00e+00, 0.00e+00| 1.93e+00| 2 |[    0   ]| 0.00e+00, 0.00e+00, 0.00e+00| 0.00e+00, 0.00e+00, 0.00e+00| 7.69e-01| 0.00e+00| 0.00e+00, 0.00e+00, 0.00e+00|  (0, 0)   | [56] - [109,110,111] 
[00000087]   82|       211|-9.83e-01, 5.84e-01, 3.98e-01| 0.00e+00, 0.00e+00, 0.00e+00| 1.22e+00| 1 |[    0   ]| 0.00e+00, 0.00e+00, 0.00e+00| 0.00e+00, 0.00e+00, 0.00e+00| 1.40e-01| 1.00e+00| 0.00e+00, 0.00e+00, 0.00e+00|  (0, 0)   | [56] - [] 
[00000088]   83|       211|-2.65e-01,-1.44e-02, 6.72e-02| 0.00e+00, 0.00e+00, 0.00e+00| 3.08e-01| 1 |[    0   ]| 0.00e+00, 0.00e+00, 0.00e+00| 0.00e+00, 0.00e+00, 0.00e+00| 1.40e-01| 1.00e+00| 0.00e+00, 0.00e+00, 0.00e+00|  (0, 0)   | [57] - [] 
[00000089]   84|      -211|-2.90e-01, 4.64e-02, 1.83e-01| 0.00e+00, 0.00e+00, 0.00e+00| 3.73e-01| 1 |[    0   ]| 0.00e+00, 0.00e+00, 0.00e+00| 0.00e+00, 0.00e+00, 0.00e+00| 1.40e-01|-1.00e+00| 0.00e+00, 0.00e+00, 0.00e+00|  (0, 0)   | [57] - [] 
[00000090]   85|       221|-7.85e-01,-4.82e-01, 5.70e-01| 0.00e+00, 0.00e+00, 0.00e+00| 1.21e+00| 2 |[    0   ]| 0.00e+00, 0.00e+00, 0.00e+00| 0.00e+00, 0.00e+00, 0.00e+00| 5.47e-01| 0.00e+00| 0.00e+00, 0.00e+00, 0.00e+00|  (0, 0)   | [57] - [112,113] 
[00000091]   86|       321|-8.19e-01, 7.29e-01,-8.11e-01| 0.00e+00, 0.00e+00, 0.00e+00| 1.45e+00| 1 |[    0   ]| 0.00e+00, 0.00e+00, 0.00e+00| 0.00e+00, 0.00e+00, 0.00e+00| 4.94e-01| 1.00e+00| 0.00e+00, 0.00e+00, 0.00e+00|  (0, 0)   | [58] - [] 
[00000092]   87|      -211|-1.17e+00, 8.83e-01,-4.88e-01| 0.00e+00, 0.00e+00, 0.00e+00| 1.55e+00| 1 |[    0   ]| 0.00e+00, 0.00e+00, 0.00e+00| 0.00e+00, 0.00e+00, 0.00e+00| 1.40e-01|-1.00e+00| 0.00e+00, 0.00e+00, 0.00e+00|  (0, 0)   | [58] - [] 
[00000093]   88|       321|-3.60e+00, 2.87e+00,-3.39e+00| 0.00e+00, 0.00e+00, 0.00e+00| 5.74e+00| 1 |[    0   ]| 0.00e+00, 0.00e+00, 0.00e+00| 0.00e+00, 0.00e+00, 0.00e+00| 4.94e-01| 1.00e+00| 0.00e+00, 0.00e+00, 0.00e+00|  (0, 0)   | [59] - [] 
[00000094]   89|      -321|-7.60e-01, 6.55e-01,-3.63e-01| 0.00e+00, 0.00e+00, 0.00e+00| 1.18e+00| 1 |[    0   ]| 0.00e+00, 0.00e+00, 0.00e+00| 0.00e+00, 0.00e+00, 0.00e+00| 4.94e-01|-1.00e+00| 0.00e+00, 0.00e+00, 0.00e+00|  (0, 0)   | [59] - [] 
[00000095]   90|      -321|-1.91e+00, 1.69e+00,-3.39e+00| 0.00e+00, 0.00e+00, 0.00e+00| 4.27e+00| 1 |[    0   ]| 0.00e+00, 0.00e+00, 0.00e+00| 0.00e+00, 0.00e+00, 0.00e+00| 4.94e-01|-1.00e+00| 0.00e+00, 0.00e+00, 0.00e+00|  (0, 0)   | [60] - [] 
[00000096]   91|       211|-4.28e-01, 7.99e-01,-9.08e-01| 0.00e+00, 0.00e+00, 0.00e+00| 1.29e+00| 1 |[    0   ]| 0.00e+00, 0.00e+00, 0.00e+00| 0.00e+00, 0.00e+00, 0.00e+00| 1.40e-01| 1.00e+00| 0.00e+00, 0.00e+00, 0.00e+00|  (0, 0)   | [60] - [] 
[00000097]   92|       223|-3.16e+00, 2.79e+00,-4.75e+00| 0.00e+00, 0.00e+00, 0.00e+00| 6.39e+00| 2 |[    0   ]| 0.00e+00, 0.00e+00, 0.00e+00| 0.00e+00, 0.00e+00, 0.00e+00| 7.86e-01| 0.00e+00| 0.00e+00, 0.00e+00, 0.00e+00|  (0, 0)   | [61] - [114,115,116] 
[00000098]   93|       111|-3.33e+00, 2.60e+00,-3.55e+00| 0.00e+00, 0.00e+00, 0.00e+00| 5.52e+00| 2 |[    0   ]| 0.00e+00, 0.00e+00, 0.00e+00|-2.36e-05, 1.84e-05,-2.51e-05| 1.35e-01| 0.00e+00| 0.00e+00, 0.00e+00, 0.00e+00|  (0, 0)   | [61] - [117,118] 
[00000099]   94|      -211|-1.51e+00, 2.41e+00,-3.18e+00| 0.00e+00, 0.00e+00, 0.00e+00| 4.26e+00| 1 |[    0   ]| 0.00e+00, 0.00e+00, 0.00e+00| 0.00e+00, 0.00e+00, 0.00e+00| 1.40e-01|-1.00e+00| 0.00e+00, 0.00e+00, 0.00e+00|  (0, 0)   | [62] - [] 
[00000100]   95|       211|-1.92e+00, 1.84e+00,-3.09e+00| 0.00e+00, 0.00e+00, 0.00e+00| 4.08e+00| 1 |[    0   ]| 0.00e+00, 0.00e+00, 0.00e+00| 0.00e+00, 0.00e+00, 0.00e+00| 1.40e-01| 1.00e+00| 0.00e+00, 0.00e+00, 0.00e+00|  (0, 0)   | [62] - [] 
[00000101]   96|       310|-3.92e+00, 3.28e+00,-7.34e+00| 0.00e+00, 0.00e+00, 0.00e+00| 8.96e+00| 2 |[    0   ]| 0.00e+00, 0.00e+00, 0.00e+00|-2.29e+02, 1.92e+02,-4.30e+02| 4.98e-01| 0.00e+00| 0.00e+00, 0.00e+00, 0.00e+00|  (0, 0)   | [63] - [119,120] 
[00000102]   97|       421|-5.23e+00, 2.55e+00, 3.69e-01| 0.00e+00, 0.00e+00, 0.00e+00| 6.12e+00| 2 |[    0   ]| 0.00e+00, 0.00e+00, 0.00e+00|-3.84e-01, 1.87e-01, 2.71e-02| 1.86e+00| 0.00e+00| 0.00e+00, 0.00e+00, 0.00e+00|  (0, 0)   | [64] - [121,122] 
[00000103]   98|       111|-3.58e-01, 1.89e-01, 6.87e-02| 0.00e+00, 0.00e+00, 0.00e+00| 4.32e-01| 2 |[    0   ]| 0.00e+00, 0.00e+00, 0.00e+00|-4.15e-05, 2.19e-05, 7.96e-06| 1.35e-01| 0.00e+00| 0.00e+00, 0.00e+00, 0.00e+00|  (0, 0)   | [64] - [123,124] 
[00000104]   99|        22|-7.02e-02,-3.22e-03, 5.04e-02| 0.00e+00, 0.00e+00, 0.00e+00| 8.65e-02| 1 |[    0   ]|-9.15e-06, 5.70e-06, 5.74e-06| 0.00e+00, 0.00e+00, 0.00e+00|-1.61e-09| 0.00e+00| 0.00e+00, 0.00e+00, 0.00e+00|  (0, 0)   | [67] - [] 
[00000105]  100|        22|-4.40e-01, 3.21e-01, 2.70e-01| 0.00e+00, 0.00e+00, 0.00e+00| 6.07e-01| 1 |[    0   ]|-9.15e-06, 5.70e-06, 5.74e-06| 0.00e+00, 0.00e+00, 0.00e+00| 7.45e-09| 0.00e+00| 0.00e+00, 0.00e+00, 0.00e+00|  (0, 0)   | [67] - [] 
[00000106]  101|        22|-8.07e-01, 5.63e-01, 2.99e-01| 0.00e+00, 0.00e+00, 0.00e+00| 1.03e+00| 1 |[    0   ]|-7.21e-05, 5.34e-05, 2.76e-05| 0.00e+00, 0.00e+00, 0.00e+00|-2.98e-08| 0.00e+00| 0.00e+00, 0.00e+00, 0.00e+00|  (0, 0)   | [69] - [] 
[00000107]  102|        22|-1.62e-02, 4.62e-02, 1.63e-02| 0.00e+00, 0.00e+00, 0.00e+00| 5.16e-02| 1 |[    0   ]|-7.21e-05, 5.34e-05, 2.76e-05| 0.00e+00, 0.00e+00, 0.00e+00|-1.47e-09| 0.00e+00| 0.00e+00, 0.00e+00, 0.00e+00|  (0, 0)   | [69] - [] 
[00000108]  103|        22|-1.09e-01, 9.56e-02,-2.85e-02| 0.00e+00, 0.00e+00, 0.00e+00| 1.47e-01| 1 |[    0   ]|-2.87e-06, 7.43e-06,-2.42e-06| 0.00e+00, 0.00e+00, 0.00e+00| 0.00e+00| 0.00e+00| 0.00e+00, 0.00e+00, 0.00e+00|  (0, 0)   | [71] - [] 
[00000109]  104|        22| 1.94e-02, 1.35e-01,-4.67e-02| 0.00e+00, 0.00e+00, 0.00e+00| 1.44e-01| 1 |[    0   ]|-2.87e-06, 7.43e-06,-2.42e-06| 0.00e+00, 0.00e+00, 0.00e+00| 2.63e-09| 0.00e+00| 0.00e+00, 0.00e+00, 0.00e+00|  (0, 0)   | [71] - [] 
[00000110]  105|        22|-1.78e-02,-1.65e-02, 6.82e-02| 0.00e+00, 0.00e+00, 0.00e+00| 7.23e-02| 1 |[    0   ]|-1.14e-05, 1.21e-05, 7.59e-06| 0.00e+00, 0.00e+00, 0.00e+00| 3.36e-09| 0.00e+00| 0.00e+00, 0.00e+00, 0.00e+00|  (0, 0)   | [74] - [] 
[00000111]  106|        22|-3.51e-02, 7.24e-02,-3.30e-02| 0.00e+00, 0.00e+00, 0.00e+00| 8.69e-02| 1 |[    0   ]|-1.14e-05, 1.21e-05, 7.59e-06| 0.00e+00, 0.00e+00, 0.00e+00| 3.95e-09| 0.00e+00| 0.00e+00, 0.00e+00, 0.00e+00|  (0, 0)   | [74] - [] 
[00000112]  107|        22|-4.81e+00,-1.45e+00, 1.41e+00| 0.00e+00, 0.00e+00, 0.00e+00| 5.21e+00| 1 |[    0   ]|-2.09e-03,-6.51e-04, 6.03e-04| 0.00e+00, 0.00e+00, 0.00e+00| 1.19e-07| 0.00e+00| 0.00e+00, 0.00e+00, 0.00e+00|  (0, 0)   | [76] - [] 
[00000113]  108|        22|-9.20e-01,-3.33e-01, 2.45e-01| 0.00e+00, 0.00e+00, 0.00e+00| 1.01e+00| 1 |[    0   ]|-2.09e-03,-6.51e-04, 6.03e-04| 0.00e+00, 0.00e+00, 0.00e+00| 2.58e-08| 0.00e+00| 0.00e+00, 0.00e+00, 0.00e+00|  (0, 0)   | [76] - [] 
[00000114]  109|       211|-2.76e-01, 1.14e-01, 2.85e-01| 0.00e+00, 0.00e+00, 0.00e+00| 4.36e-01| 1 |[    0   ]| 0.00e+00, 0.00e+00, 0.00e+00| 0.00e+00, 0.00e+00, 0.00e+00| 1.40e-01| 1.00e+00| 0.00e+00, 0.00e+00, 0.00e+00|  (0, 0)   | [81] - [] 
[00000115]  110|      -211|-8.79e-01, 1.34e-01, 1.16e-01| 0.00e+00, 0.00e+00, 0.00e+00| 9.08e-01| 1 |[    0   ]| 0.00e+00, 0.00e+00, 0.00e+00| 0.00e+00, 0.00e+00, 0.00e+00| 1.40e-01|-1.00e+00| 0.00e+00, 0.00e+00, 0.00e+00|  (0, 0)   | [81] - [] 
[00000116]  111|       111|-5.51e-01,-1.34e-01, 5.12e-02| 0.00e+00, 0.00e+00, 0.00e+00| 5.85e-01| 2 |[    0   ]| 0.00e+00, 0.00e+00, 0.00e+00|-4.30e-05,-1.05e-05, 4.00e-06| 1.35e-01| 0.00e+00| 0.00e+00, 0.00e+00, 0.00e+00|  (0, 0)   | [81] - [125,126] 
[00000117]  112|        22|-7.74e-01,-3.29e-01, 6.29e-01| 0.00e+00, 0.00e+00, 0.00e+00| 1.05e+00| 1 |[    0   ]| 0.00e+00, 0.00e+00, 0.00e+00| 0.00e+00, 0.00e+00, 0.00e+00| 0.00e+00| 0.00e+00| 0.00e+00, 0.00e+00, 0.00e+00|  (0, 0)   | [85] - [] 
[00000118]  113|        22|-1.16e-02,-1.53e-01,-5.83e-02| 0.00e+00, 0.00e+00, 0.00e+00| 1.64e-01| 1 |[    0   ]| 0.00e+00, 0.00e+00, 0.00e+00| 0.00e+00, 0.00e+00, 0.00e+00| 5.89e-09| 0.00e+00| 0.00e+00, 0.00e+00, 0.00e+00|  (0, 0)   | [85] - [] 
[00000119]  114|       211|-1.95e+00, 1.91e+00,-2.98e+00| 0.00e+00, 0.00e+00, 0.00e+00| 4.04e+00| 1 |[    0   ]| 0.00e+00, 0.00e+00, 0.00e+00| 0.00e+00, 0.00e+00, 0.00e+00| 1.40e-01| 1.00e+00| 0.00e+00, 0.00e+00, 0.00e+00|  (0, 0)   | [92] - [] 
[00000120]  115|      -211|-8.76e-01, 5.52e-01,-1.01e+00| 0.00e+00, 0.00e+00, 0.00e+00| 1.46e+00| 1 |[    0   ]| 0.00e+00, 0.00e+00, 0.00e+00| 0.00e+00, 0.00e+00, 0.00e+00| 1.40e-01|-1.00e+00| 0.00e+00, 0.00e+00, 0.00e+00|  (0, 0)   | [92] - [] 
[00000121]  116|       111|-3.33e-01, 3.25e-01,-7.55e-01| 0.00e+00, 0.00e+00, 0.00e+00| 8.97e-01| 2 |[    0   ]| 0.00e+00, 0.00e+00, 0.00e+00|-2.06e-05, 2.02e-05,-4.68e-05| 1.35e-01| 0.00e+00| 0.00e+00, 0.00e+00, 0.00e+00|  (0, 0)   | [92] - [127,128] 
[00000122]  117|        22|-1.59e+00, 1.23e+00,-1.77e+00| 0.00e+00, 0.00e+00, 0.00e+00| 2.68e+00| 1 |[    0   ]|-2.36e-05, 1.84e-05,-2.51e-05| 0.00e+00, 0.00e+00, 0.00e+00| 0.00e+00| 0.00e+00| 0.00e+00, 0.00e+00, 0.00e+00|  (0, 0)   | [93] - [] 
[00000123]  118|        22|-1.74e+00, 1.38e+00,-1.78e+00| 0.00e+00, 0.00e+00, 0.00e+00| 2.84e+00| 1 |[    0   ]|-2.36e-05, 1.84e-05,-2.51e-05| 0.00e+00, 0.00e+00, 0.00e+00|-5.96e-08| 0.00e+00| 0.00e+00, 0.00e+00, 0.00e+00|  (0, 0)   | [93] - [] 
[00000124]  119|       111|-1.02e+00, 9.47e-01,-2.29e+00| 0.00e+00, 0.00e+00, 0.00e+00| 2.68e+00| 2 |[    0   ]|-2.29e+02, 1.92e+02,-4.30e+02|-2.29e+02, 1.92e+02,-4.30e+02| 1.35e-01| 0.00e+00| 0.00e+00, 0.00e+00, 0.00e+00|  (0, 0)   | [96] - [129,130] 
[00000125]  120|       111|-2.90e+00, 2.33e+00,-5.05e+00| 0.00e+00, 0.00e+00, 0.00e+00| 6.28e+00| 2 |[    0   ]|-2.29e+02, 1.92e+02,-4.30e+02|-2.29e+02, 1.92e+02,-4.30e+02| 1.35e-01| 0.00e+00| 0.00e+00, 0.00e+00, 0.00e+00|  (0, 0)   | [96] - [131,132] 
[00000126]  121|      -321|-1.02e+00, 6.91e-01,-5.31e-01| 0.00e+00, 0.00e+00, 0.00e+00| 1.43e+00| 1 |[    0   ]|-3.84e-01, 1.87e-01, 2.71e-02| 0.00e+00, 0.00e+00, 0.00e+00| 4.94e-01|-1.00e+00| 0.00e+00, 0.00e+00, 0.00e+00|  (0, 0)   | [97] - [] 
[00000127]  122|       211|-4.21e+00, 1.86e+00, 9.00e-01| 0.00e+00, 0.00e+00, 0.00e+00| 4.69e+00| 1 |[    0   ]|-3.84e-01, 1.87e-01, 2.71e-02| 0.00e+00, 0.00e+00, 0.00e+00| 1.40e-01| 1.00e+00| 0.00e+00, 0.00e+00, 0.00e+00|  (0, 0)   | [97] - [] 
[00000128]  123|        22|-2.15e-01, 4.43e-02, 7.24e-03| 0.00e+00, 0.00e+00, 0.00e+00| 2.20e-01| 1 |[    0   ]|-4.15e-05, 2.19e-05, 7.96e-06| 0.00e+00, 0.00e+00, 0.00e+00| 5.27e-09| 0.00e+00| 0.00e+00, 0.00e+00, 0.00e+00|  (0, 0)   | [98] - [] 
[00000129]  124|        22|-1.43e-01, 1.45e-01, 6.15e-02| 0.00e+00, 0.00e+00, 0.00e+00| 2.13e-01| 1 |[    0   ]|-4.15e-05, 2.19e-05, 7.96e-06| 0.00e+00, 0.00e+00, 0.00e+00|-2.63e-09| 0.00e+00| 0.00e+00, 0.00e+00, 0.00e+00|  (0, 0)   | [98] - [] 
[00000130]  125|        22|-3.79e-01,-1.07e-01,-2.61e-02| 0.00e+00, 0.00e+00, 0.00e+00| 3.94e-01| 1 |[    0   ]|-4.30e-05,-1.05e-05, 4.00e-06| 0.00e+00, 0.00e+00, 0.00e+00| 7.45e-09| 0.00e+00| 0.00e+00, 0.00e+00, 0.00e+00|  (0, 0)   | [111] - [] 
[00000131]  126|        22|-1.72e-01,-2.73e-02, 7.73e-02| 0.00e+00, 0.00e+00, 0.00e+00| 1.91e-01| 1 |[    0   ]|-4.30e-05,-1.05e-05, 4.00e-06| 0.00e+00, 0.00e+00, 0.00e+00| 2.63e-09| 0.00e+00| 0.00e+00, 0.00e+00, 0.00e+00|  (0, 0)   | [111] - [] 
[00000132]  127|        22|-1.75e-01, 2.50e-01,-4.18e-01| 0.00e+00, 0.00e+00, 0.00e+00| 5.17e-01| 1 |[    0   ]|-2.06e-05, 2.02e-05,-4.68e-05| 0.00e+00, 0.00e+00, 0.00e+00|-1.29e-08| 0.00e+00| 0.00e+00, 0.00e+00, 0.00e+00|  (0, 0)   | [116] - [] 
[00000133]  128|        22|-1.58e-01, 7.58e-02,-3.38e-01| 0.00e+00, 0.00e+00, 0.00e+00| 3.80e-01| 1 |[    0   ]|-2.06e-05, 2.02e-05,-4.68e-05| 0.00e+00, 0.00e+00, 0.00e+00|-7.45e-09| 0.00e+00| 0.00e+00, 0.00e+00, 0.00e+00|  (0, 0)   | [116] - [] 
[00000134]  129|        22|-8.42e-02, 1.31e-01,-2.25e-01| 0.00e+00, 0.00e+00, 0.00e+00| 2.74e-01| 1 |[    0   ]|-2.29e+02, 1.92e+02,-4.30e+02| 0.00e+00, 0.00e+00, 0.00e+00| 7.45e-09| 0.00e+00| 0.00e+00, 0.00e+00, 0.00e+00|  (0, 0)   | [119] - [] 
[00000135]  130|        22|-9.34e-01, 8.15e-01,-2.06e+00| 0.00e+00, 0.00e+00, 0.00e+00| 2.41e+00| 1 |[    0   ]|-2.29e+02, 1.92e+02,-4.30e+02| 0.00e+00, 0.00e+00, 0.00e+00| 0.00e+00| 0.00e+00| 0.00e+00, 0.00e+00, 0.00e+00|  (0, 0)   | [119] - [] 
[00000136]  131|        22|-8.03e-01, 6.93e-01,-1.52e+00| 0.00e+00, 0.00e+00, 0.00e+00| 1.86e+00| 1 |[    0   ]|-2.29e+02, 1.92e+02,-4.30e+02| 0.00e+00, 0.00e+00, 0.00e+00|-4.71e-08| 0.00e+00| 0.00e+00, 0.00e+00, 0.00e+00|  (0, 0)   | [120] - [] 
[00000137]  132|        22|-2.10e+00, 1.64e+00,-3.53e+00| 0.00e+00, 0.00e+00, 0.00e+00| 4.42e+00| 1 |[    0   ]|-2.29e+02, 1.92e+02,-4.30e+02| 0.00e+00, 0.00e+00, 0.00e+00|-1.19e-07| 0.00e+00| 0.00e+00, 0.00e+00, 0.00e+00|  (0, 0)   | [120] - [] 

-------------------------------------------------------------------------------- 
