
============================================================================
        Event  : 1 - run:  500106 - timestamp 1603205047000000000 - weight 1
============================================================================
 date:      20.10.2020  14:44:07.000000000
 detector : unknown
 event parameters: 
 parameter Event Number [int]: 1, 
 parameter ProcessID [int]: 500106, 
 parameter Run ID [int]: 500106, 
 parameter beamPDG1 [int]: 11, 
 parameter beamPDG2 [int]: -11, 
 parameter Energy [float]: 250, 
 parameter _weight [float]: 1, 
 parameter alphaQCD [float]: 1e-06, 
 parameter beamPol1 [float]: -1, 
 parameter beamPol2 [float]: 1, 
 parameter crossSection [float]: 10264, 
 parameter crossSectionError [float]: 5.54532, 
 parameter scale [float]: 240.637, 
 parameter sqme [float]: inf, 
 parameter BeamSpectrum [string]: CIRCE2: energy_spread/250_SetA_ee024.circe, 
 parameter processName [string]: sw_sl0, 

 collection name : MCParticle
 parameters: 

--------------- print out of MCParticle collection --------------- 

  flag:  0x0
  simulator status bits: [sbvtcls]  s: created in simulation b: backscatter v: vertex is not endpoint of parent t: decayed in tracker c: decayed in calorimeter l: has left detector s: stopped o: overlay


[   id   ]index|      PDG |    px,     py,        pz    | px_ep,   py_ep , pz_ep      | energy  |gen|[simstat ]| vertex x,     y   ,   z     | endpoint x,    y  ,   z     |    mass |  charge |            spin             | colorflow | [parents] - [daughters]

[00000005]    0|        11| 0.00e+00, 0.00e+00, 1.25e+02| 0.00e+00, 0.00e+00, 0.00e+00| 1.25e+02| 4 |[    0   ]| 0.00e+00, 0.00e+00, 0.00e+00| 0.00e+00, 0.00e+00, 0.00e+00| 5.11e-04|-1.00e+00| 0.00e+00, 0.00e+00, 0.00e+00|  (0, 0)   | [] - [2,3] 
[00000006]    1|       -11| 0.00e+00, 0.00e+00,-1.25e+02| 0.00e+00, 0.00e+00, 0.00e+00| 1.25e+02| 4 |[    0   ]| 0.00e+00, 0.00e+00, 0.00e+00| 0.00e+00, 0.00e+00, 0.00e+00| 5.11e-04| 1.00e+00| 0.00e+00, 0.00e+00, 0.00e+00|  (0, 0)   | [] - [2,3] 
[00000007]    2|        11| 0.00e+00, 0.00e+00, 1.16e+02| 0.00e+00, 0.00e+00, 0.00e+00| 1.16e+02| 2 |[    0   ]| 0.00e+00, 0.00e+00, 0.00e+00| 0.00e+00, 0.00e+00, 0.00e+00| 5.11e-04|-1.00e+00| 0.00e+00, 0.00e+00, 0.00e+00|  (0, 0)   | [0,1] - [4,6] 
[00000008]    3|       -11| 0.00e+00, 0.00e+00,-1.25e+02| 0.00e+00, 0.00e+00, 0.00e+00| 1.25e+02| 2 |[    0   ]| 0.00e+00, 0.00e+00, 0.00e+00| 0.00e+00, 0.00e+00, 0.00e+00| 5.11e-04| 1.00e+00| 0.00e+00, 0.00e+00, 0.00e+00|  (0, 0)   | [0,1] - [5,7] 
[00000009]    4|        11| 3.20e-12, 1.09e-12, 1.16e+02| 0.00e+00, 0.00e+00, 0.00e+00| 1.16e+02| 3 |[    0   ]| 0.00e+00, 0.00e+00, 0.00e+00| 0.00e+00, 0.00e+00, 0.00e+00| 5.11e-04|-1.00e+00| 0.00e+00, 0.00e+00, 0.00e+00|  (0, 0)   | [2] - [8,9,10,11] 
[00000010]    5|       -11| 1.44e-23, 4.93e-24,-1.25e+02| 0.00e+00, 0.00e+00, 0.00e+00| 1.25e+02| 3 |[    0   ]| 0.00e+00, 0.00e+00, 0.00e+00| 0.00e+00, 0.00e+00, 0.00e+00| 5.11e-04| 1.00e+00| 0.00e+00, 0.00e+00, 0.00e+00|  (0, 0)   | [3] - [8,9,10,11] 
[00000011]    6|        22|-3.20e-12,-1.09e-12, 1.24e-11| 0.00e+00, 0.00e+00, 0.00e+00| 1.28e-11| 1 |[    0   ]| 0.00e+00, 0.00e+00, 0.00e+00| 0.00e+00, 0.00e+00, 0.00e+00| 0.00e+00| 0.00e+00| 0.00e+00, 0.00e+00, 0.00e+00|  (0, 0)   | [2] - [] 
[00000012]    7|        22| 0.00e+00, 0.00e+00,-1.21e-42| 0.00e+00, 0.00e+00, 0.00e+00| 1.21e-42| 1 |[    0   ]| 0.00e+00, 0.00e+00, 0.00e+00| 0.00e+00, 0.00e+00, 0.00e+00| 0.00e+00| 0.00e+00| 0.00e+00, 0.00e+00, 0.00e+00|  (0, 0)   | [3] - [] 
[00000013]    8|         4|-4.55e+01, 3.08e+01,-3.09e+01| 0.00e+00, 0.00e+00, 0.00e+00| 6.30e+01| 2 |[    0   ]| 0.00e+00, 0.00e+00, 0.00e+00| 0.00e+00, 0.00e+00, 0.00e+00|-9.54e-07| 6.67e-01| 0.00e+00, 0.00e+00,-1.00e+00|  (1, 0)   | [4,5] - [12] 
[00000014]    9|        -3| 3.54e+01, 4.34e+00,-5.18e+01| 0.00e+00, 0.00e+00, 0.00e+00| 6.29e+01| 2 |[    0   ]| 0.00e+00, 0.00e+00, 0.00e+00| 0.00e+00, 0.00e+00, 0.00e+00| 9.54e-07| 3.33e-01| 0.00e+00, 0.00e+00, 1.00e+00|  (0, 1)   | [4,5] - [12] 
[00000015]   10|        11| 1.75e+01,-5.72e+01, 3.50e+01| 0.00e+00, 0.00e+00, 0.00e+00| 6.93e+01| 2 |[    0   ]| 0.00e+00, 0.00e+00, 0.00e+00| 0.00e+00, 0.00e+00, 0.00e+00| 5.11e-04|-1.00e+00| 0.00e+00, 0.00e+00,-1.00e+00|  (0, 0)   | [4,5] - [12] 
[00000016]   11|       -12|-7.38e+00, 2.21e+01, 3.92e+01| 0.00e+00, 0.00e+00, 0.00e+00| 4.56e+01| 2 |[    0   ]| 0.00e+00, 0.00e+00, 0.00e+00| 0.00e+00, 0.00e+00, 0.00e+00| 6.74e-07| 0.00e+00| 0.00e+00, 0.00e+00, 1.00e+00|  (0, 0)   | [4,5] - [12] 
[00000017]   12|        94| 0.00e+00, 0.00e+00,-8.47e+00| 0.00e+00, 0.00e+00, 0.00e+00| 2.41e+02| 2 |[    0   ]| 0.00e+00, 0.00e+00, 0.00e+00| 0.00e+00, 0.00e+00, 0.00e+00| 2.41e+02| 0.00e+00| 0.00e+00, 0.00e+00, 0.00e+00|  (0, 0)   | [8,9,10,11] - [13,14,15,16] 
[00000018]   13|         4|-4.47e+01, 3.02e+01,-3.05e+01| 0.00e+00, 0.00e+00, 0.00e+00| 6.61e+01| 2 |[    0   ]| 0.00e+00, 0.00e+00, 0.00e+00| 0.00e+00, 0.00e+00, 0.00e+00| 2.31e+01| 6.67e-01| 0.00e+00, 0.00e+00, 0.00e+00|  (500, 0)   | [12] - [17,18] 
[00000019]   14|        -3| 3.47e+01, 4.27e+00,-5.09e+01| 0.00e+00, 0.00e+00, 0.00e+00| 6.18e+01| 2 |[    0   ]| 0.00e+00, 0.00e+00, 0.00e+00| 0.00e+00, 0.00e+00, 0.00e+00| 1.17e-06| 3.33e-01| 0.00e+00, 0.00e+00, 0.00e+00|  (501, 500)   | [12] - [21] 
[00000020]   15|        11| 1.72e+01,-5.62e+01, 3.44e+01| 0.00e+00, 0.00e+00, 0.00e+00| 6.80e+01| 2 |[    0   ]| 0.00e+00, 0.00e+00, 0.00e+00| 0.00e+00, 0.00e+00, 0.00e+00| 5.89e-04|-1.00e+00| 0.00e+00, 0.00e+00, 0.00e+00|  (0, 0)   | [12] - [19,20] 
[00000021]   16|       -12|-7.25e+00, 2.17e+01, 3.86e+01| 0.00e+00, 0.00e+00, 0.00e+00| 4.48e+01| 1 |[    0   ]| 0.00e+00, 0.00e+00, 0.00e+00| 0.00e+00, 0.00e+00, 0.00e+00| 6.74e-07| 0.00e+00| 0.00e+00, 0.00e+00, 0.00e+00|  (0, 0)   | [12] - [] 
[00000022]   17|         4|-4.65e+01, 3.07e+01,-2.65e+01| 0.00e+00, 0.00e+00, 0.00e+00| 6.17e+01| 2 |[    0   ]| 0.00e+00, 0.00e+00, 0.00e+00| 0.00e+00, 0.00e+00, 0.00e+00| 1.17e-06| 6.67e-01| 0.00e+00, 0.00e+00, 0.00e+00|  (502, 501)   | [13] - [23] 
[00000023]   18|        21| 1.86e+00,-4.76e-01,-3.95e+00| 0.00e+00, 0.00e+00, 0.00e+00| 4.39e+00| 2 |[    0   ]| 0.00e+00, 0.00e+00, 0.00e+00| 0.00e+00, 0.00e+00, 0.00e+00| 5.96e-08| 0.00e+00| 0.00e+00, 0.00e+00, 0.00e+00|  (503, 502)   | [13] - [22] 
[00000024]   19|        11| 1.72e+01,-5.61e+01, 3.44e+01| 0.00e+00, 0.00e+00, 0.00e+00| 6.80e+01| 1 |[    0   ]| 0.00e+00, 0.00e+00, 0.00e+00| 0.00e+00, 0.00e+00, 0.00e+00| 5.11e-04|-1.00e+00| 0.00e+00, 0.00e+00, 0.00e+00|  (0, 0)   | [15] - [] 
[00000025]   20|        22| 6.58e-03,-2.15e-02, 1.32e-02| 0.00e+00, 0.00e+00, 0.00e+00| 2.60e-02| 1 |[    0   ]| 0.00e+00, 0.00e+00, 0.00e+00| 0.00e+00, 0.00e+00, 0.00e+00| 4.66e-10| 0.00e+00| 0.00e+00, 0.00e+00, 0.00e+00|  (0, 0)   | [15] - [] 
[00000026]   21|        -3| 3.47e+01, 4.27e+00,-5.09e+01| 0.00e+00, 0.00e+00, 0.00e+00| 6.18e+01| 2 |[    0   ]| 0.00e+00, 0.00e+00, 0.00e+00| 0.00e+00, 0.00e+00, 0.00e+00| 1.17e-06| 3.33e-01| 0.00e+00, 0.00e+00, 0.00e+00|  (504, 503)   | [14] - [24] 
[00000027]   22|        21| 1.86e+00,-4.76e-01,-3.95e+00| 0.00e+00, 0.00e+00, 0.00e+00| 4.39e+00| 2 |[    0   ]| 0.00e+00, 0.00e+00, 0.00e+00| 0.00e+00, 0.00e+00, 0.00e+00| 5.96e-08| 0.00e+00| 0.00e+00, 0.00e+00, 0.00e+00|  (505, 504)   | [18] - [24] 
[00000028]   23|         4|-4.65e+01, 3.07e+01,-2.65e+01| 0.00e+00, 0.00e+00, 0.00e+00| 6.17e+01| 2 |[    0   ]| 0.00e+00, 0.00e+00, 0.00e+00| 0.00e+00, 0.00e+00, 0.00e+00| 1.17e-06| 6.67e-01| 0.00e+00, 0.00e+00, 0.00e+00|  (0, 505)   | [17] - [24] 
[00000029]   24|        92|-9.92e+00, 3.45e+01,-8.14e+01| 0.00e+00, 0.00e+00, 0.00e+00| 1.28e+02| 2 |[    0   ]| 0.00e+00, 0.00e+00, 0.00e+00| 0.00e+00, 0.00e+00, 0.00e+00| 9.19e+01| 0.00e+00| 0.00e+00, 0.00e+00, 0.00e+00|  (0, 0)   | [21,22,23] - [25,26,27,28,29,30,31,32] 
[00000030]   25|       313| 1.23e+01, 1.38e+00,-1.75e+01| 0.00e+00, 0.00e+00, 0.00e+00| 2.15e+01| 2 |[    0   ]| 0.00e+00, 0.00e+00, 0.00e+00| 0.00e+00, 0.00e+00, 0.00e+00| 8.83e-01| 0.00e+00| 0.00e+00, 0.00e+00, 0.00e+00|  (0, 0)   | [24] - [33,34] 
[00000031]   26|     10221| 2.30e+01, 2.41e+00,-3.52e+01| 0.00e+00, 0.00e+00, 0.00e+00| 4.22e+01| 2 |[    0   ]| 0.00e+00, 0.00e+00, 0.00e+00| 0.00e+00, 0.00e+00, 0.00e+00| 1.00e+00| 0.00e+00| 0.00e+00, 0.00e+00, 0.00e+00|  (0, 0)   | [24] - [35,36] 
[00000032]   27|       113|-3.08e-01, 5.82e-01,-9.68e-01| 0.00e+00, 0.00e+00, 0.00e+00| 1.40e+00| 2 |[    0   ]| 0.00e+00, 0.00e+00, 0.00e+00| 0.00e+00, 0.00e+00, 0.00e+00| 7.76e-01| 0.00e+00| 0.00e+00, 0.00e+00, 0.00e+00|  (0, 0)   | [24] - [37,38] 
[00000033]   28|    -20313| 4.30e-01,-1.93e-01,-1.57e+00| 0.00e+00, 0.00e+00, 0.00e+00| 2.14e+00| 2 |[    0   ]| 0.00e+00, 0.00e+00, 0.00e+00| 0.00e+00, 0.00e+00, 0.00e+00| 1.38e+00| 0.00e+00| 0.00e+00, 0.00e+00, 0.00e+00|  (0, 0)   | [24] - [39,40] 
[00000034]   29|       311|-1.84e+00, 1.46e+00,-8.07e-01| 0.00e+00, 0.00e+00, 0.00e+00| 2.54e+00| 2 |[    0   ]| 0.00e+00, 0.00e+00, 0.00e+00| 0.00e+00, 0.00e+00, 0.00e+00| 4.98e-01| 0.00e+00| 0.00e+00, 0.00e+00, 0.00e+00|  (0, 0)   | [24] - [41] 
[00000035]   30|       223|-9.60e+00, 6.04e+00,-6.09e+00| 0.00e+00, 0.00e+00, 0.00e+00| 1.29e+01| 2 |[    0   ]| 0.00e+00, 0.00e+00, 0.00e+00| 0.00e+00, 0.00e+00, 0.00e+00| 7.69e-01| 0.00e+00| 0.00e+00, 0.00e+00, 0.00e+00|  (0, 0)   | [24] - [42,43,44] 
[00000036]   31|       113|-3.31e+00, 2.08e+00,-1.20e+00| 0.00e+00, 0.00e+00, 0.00e+00| 4.12e+00| 2 |[    0   ]| 0.00e+00, 0.00e+00, 0.00e+00| 0.00e+00, 0.00e+00, 0.00e+00| 5.15e-01| 0.00e+00| 0.00e+00, 0.00e+00, 0.00e+00|  (0, 0)   | [24] - [45,46] 
[00000037]   32|       411|-3.06e+01, 2.07e+01,-1.81e+01| 0.00e+00, 0.00e+00, 0.00e+00| 4.12e+01| 2 |[    0   ]| 0.00e+00, 0.00e+00, 0.00e+00|-8.14e+00, 5.51e+00,-4.80e+00| 1.87e+00| 1.00e+00| 0.00e+00, 0.00e+00, 0.00e+00|  (0, 0)   | [24] - [47,48] 
[00000038]   33|       311| 1.03e+01, 9.39e-01,-1.45e+01| 0.00e+00, 0.00e+00, 0.00e+00| 1.78e+01| 2 |[    0   ]| 0.00e+00, 0.00e+00, 0.00e+00| 0.00e+00, 0.00e+00, 0.00e+00| 4.98e-01| 0.00e+00| 0.00e+00, 0.00e+00, 0.00e+00|  (0, 0)   | [25] - [49] 
[00000039]   34|       111| 2.00e+00, 4.38e-01,-3.01e+00| 0.00e+00, 0.00e+00, 0.00e+00| 3.64e+00| 2 |[    0   ]| 0.00e+00, 0.00e+00, 0.00e+00| 5.33e-04, 1.17e-04,-8.02e-04| 1.35e-01| 0.00e+00| 0.00e+00, 0.00e+00, 0.00e+00|  (0, 0)   | [25] - [50,51] 
[00000040]   35|      -211| 2.00e+01, 1.78e+00,-3.05e+01| 0.00e+00, 0.00e+00, 0.00e+00| 3.65e+01| 1 |[    0   ]| 0.00e+00, 0.00e+00, 0.00e+00| 0.00e+00, 0.00e+00, 0.00e+00| 1.40e-01|-1.00e+00| 0.00e+00, 0.00e+00, 0.00e+00|  (0, 0)   | [26] - [] 
[00000041]   36|       211| 3.03e+00, 6.28e-01,-4.68e+00| 0.00e+00, 0.00e+00, 0.00e+00| 5.61e+00| 1 |[    0   ]| 0.00e+00, 0.00e+00, 0.00e+00| 0.00e+00, 0.00e+00, 0.00e+00| 1.40e-01| 1.00e+00| 0.00e+00, 0.00e+00, 0.00e+00|  (0, 0)   | [26] - [] 
[00000042]   37|      -211|-1.44e-01, 6.32e-01,-9.80e-01| 0.00e+00, 0.00e+00, 0.00e+00| 1.18e+00| 1 |[    0   ]| 0.00e+00, 0.00e+00, 0.00e+00| 0.00e+00, 0.00e+00, 0.00e+00| 1.40e-01|-1.00e+00| 0.00e+00, 0.00e+00, 0.00e+00|  (0, 0)   | [27] - [] 
[00000043]   38|       211|-1.63e-01,-4.98e-02, 1.26e-02| 0.00e+00, 0.00e+00, 0.00e+00| 2.21e-01| 1 |[    0   ]| 0.00e+00, 0.00e+00, 0.00e+00| 0.00e+00, 0.00e+00, 0.00e+00| 1.40e-01| 1.00e+00| 0.00e+00, 0.00e+00, 0.00e+00|  (0, 0)   | [27] - [] 
[00000044]   39|      -323| 4.33e-01, 2.02e-01,-1.31e+00| 0.00e+00, 0.00e+00, 0.00e+00| 1.65e+00| 2 |[    0   ]| 0.00e+00, 0.00e+00, 0.00e+00| 0.00e+00, 0.00e+00, 0.00e+00| 8.84e-01|-1.00e+00| 0.00e+00, 0.00e+00, 0.00e+00|  (0, 0)   | [28] - [52,53] 
[00000045]   40|       211|-2.92e-03,-3.95e-01,-2.57e-01| 0.00e+00, 0.00e+00, 0.00e+00| 4.92e-01| 1 |[    0   ]| 0.00e+00, 0.00e+00, 0.00e+00| 0.00e+00, 0.00e+00, 0.00e+00| 1.40e-01| 1.00e+00| 0.00e+00, 0.00e+00, 0.00e+00|  (0, 0)   | [28] - [] 
[00000046]   41|       310|-1.84e+00, 1.46e+00,-8.07e-01| 0.00e+00, 0.00e+00, 0.00e+00| 2.54e+00| 2 |[    0   ]| 0.00e+00, 0.00e+00, 0.00e+00|-1.29e+02, 1.02e+02,-5.63e+01| 4.98e-01| 0.00e+00| 0.00e+00, 0.00e+00, 0.00e+00|  (0, 0)   | [29] - [54,55] 
[00000047]   42|       211|-6.26e-01, 4.05e-01,-4.34e-01| 0.00e+00, 0.00e+00, 0.00e+00| 8.74e-01| 1 |[    0   ]| 0.00e+00, 0.00e+00, 0.00e+00| 0.00e+00, 0.00e+00, 0.00e+00| 1.40e-01| 1.00e+00| 0.00e+00, 0.00e+00, 0.00e+00|  (0, 0)   | [30] - [] 
[00000048]   43|      -211|-2.76e+00, 1.94e+00,-1.70e+00| 0.00e+00, 0.00e+00, 0.00e+00| 3.77e+00| 1 |[    0   ]| 0.00e+00, 0.00e+00, 0.00e+00| 0.00e+00, 0.00e+00, 0.00e+00| 1.40e-01|-1.00e+00| 0.00e+00, 0.00e+00, 0.00e+00|  (0, 0)   | [30] - [] 
[00000049]   44|       111|-6.22e+00, 3.70e+00,-3.96e+00| 0.00e+00, 0.00e+00, 0.00e+00| 8.25e+00| 2 |[    0   ]| 0.00e+00, 0.00e+00, 0.00e+00|-2.14e-03, 1.27e-03,-1.36e-03| 1.35e-01| 0.00e+00| 0.00e+00, 0.00e+00, 0.00e+00|  (0, 0)   | [30] - [56,57] 
[00000050]   45|       211|-2.79e+00, 1.89e+00,-1.03e+00| 0.00e+00, 0.00e+00, 0.00e+00| 3.53e+00| 1 |[    0   ]| 0.00e+00, 0.00e+00, 0.00e+00| 0.00e+00, 0.00e+00, 0.00e+00| 1.40e-01| 1.00e+00| 0.00e+00, 0.00e+00, 0.00e+00|  (0, 0)   | [31] - [] 
[00000051]   46|      -211|-5.13e-01, 1.91e-01,-1.70e-01| 0.00e+00, 0.00e+00, 0.00e+00| 5.90e-01| 1 |[    0   ]| 0.00e+00, 0.00e+00, 0.00e+00| 0.00e+00, 0.00e+00, 0.00e+00| 1.40e-01|-1.00e+00| 0.00e+00, 0.00e+00, 0.00e+00|  (0, 0)   | [31] - [] 
[00000052]   47|    -20313|-2.30e+01, 1.51e+01,-1.31e+01| 0.00e+00, 0.00e+00, 0.00e+00| 3.06e+01| 2 |[    0   ]|-8.14e+00, 5.51e+00,-4.80e+00|-8.14e+00, 5.51e+00,-4.80e+00| 1.30e+00| 0.00e+00| 0.00e+00, 0.00e+00, 0.00e+00|  (0, 0)   | [32] - [58,59] 
[00000053]   48|       211|-7.61e+00, 5.59e+00,-4.93e+00| 0.00e+00, 0.00e+00, 0.00e+00| 1.07e+01| 1 |[    0   ]|-8.14e+00, 5.51e+00,-4.80e+00| 0.00e+00, 0.00e+00, 0.00e+00| 1.40e-01| 1.00e+00| 0.00e+00, 0.00e+00, 0.00e+00|  (0, 0)   | [32] - [] 
[00000054]   49|       310| 1.03e+01, 9.39e-01,-1.45e+01| 0.00e+00, 0.00e+00, 0.00e+00| 1.78e+01| 2 |[    0   ]| 0.00e+00, 0.00e+00, 0.00e+00| 5.17e+01, 4.70e+00,-7.24e+01| 4.98e-01| 0.00e+00| 0.00e+00, 0.00e+00, 0.00e+00|  (0, 0)   | [33] - [60,61] 
[00000055]   50|        22| 1.75e+00, 3.38e-01,-2.63e+00| 0.00e+00, 0.00e+00, 0.00e+00| 3.18e+00| 1 |[    0   ]| 5.33e-04, 1.17e-04,-8.02e-04| 0.00e+00, 0.00e+00, 0.00e+00| 5.96e-08| 0.00e+00| 0.00e+00, 0.00e+00, 0.00e+00|  (0, 0)   | [34] - [] 
[00000056]   51|        22| 2.49e-01, 1.01e-01,-3.82e-01| 0.00e+00, 0.00e+00, 0.00e+00| 4.67e-01| 1 |[    0   ]| 5.33e-04, 1.17e-04,-8.02e-04| 0.00e+00, 0.00e+00, 0.00e+00|-5.27e-09| 0.00e+00| 0.00e+00, 0.00e+00, 0.00e+00|  (0, 0)   | [34] - [] 
[00000057]   52|      -311| 5.65e-01, 6.31e-02,-1.09e+00| 0.00e+00, 0.00e+00, 0.00e+00| 1.33e+00| 2 |[    0   ]| 0.00e+00, 0.00e+00, 0.00e+00| 0.00e+00, 0.00e+00, 0.00e+00| 4.98e-01| 0.00e+00| 0.00e+00, 0.00e+00, 0.00e+00|  (0, 0)   | [39] - [62] 
[00000058]   53|      -211|-1.33e-01, 1.39e-01,-2.15e-01| 0.00e+00, 0.00e+00, 0.00e+00| 3.20e-01| 1 |[    0   ]| 0.00e+00, 0.00e+00, 0.00e+00| 0.00e+00, 0.00e+00, 0.00e+00| 1.40e-01|-1.00e+00| 0.00e+00, 0.00e+00, 0.00e+00|  (0, 0)   | [39] - [] 
[00000059]   54|      -211|-1.53e-01, 1.10e-01,-5.46e-02| 0.00e+00, 0.00e+00, 0.00e+00| 2.41e-01| 1 |[    0   ]|-1.29e+02, 1.02e+02,-5.63e+01| 0.00e+00, 0.00e+00, 0.00e+00| 1.40e-01|-1.00e+00| 0.00e+00, 0.00e+00, 0.00e+00|  (0, 0)   | [41] - [] 
[00000060]   55|       211|-1.69e+00, 1.35e+00,-7.53e-01| 0.00e+00, 0.00e+00, 0.00e+00| 2.30e+00| 1 |[    0   ]|-1.29e+02, 1.02e+02,-5.63e+01| 0.00e+00, 0.00e+00, 0.00e+00| 1.40e-01| 1.00e+00| 0.00e+00, 0.00e+00, 0.00e+00|  (0, 0)   | [41] - [] 
[00000061]   56|        22|-6.01e+00, 3.57e+00,-3.85e+00| 0.00e+00, 0.00e+00, 0.00e+00| 7.98e+00| 1 |[    0   ]|-2.14e-03, 1.27e-03,-1.36e-03| 0.00e+00, 0.00e+00, 0.00e+00| 8.43e-08| 0.00e+00| 0.00e+00, 0.00e+00, 0.00e+00|  (0, 0)   | [44] - [] 
[00000062]   57|        22|-2.11e-01, 1.29e-01,-1.08e-01| 0.00e+00, 0.00e+00, 0.00e+00| 2.70e-01| 1 |[    0   ]|-2.14e-03, 1.27e-03,-1.36e-03| 0.00e+00, 0.00e+00, 0.00e+00| 1.29e-08| 0.00e+00| 0.00e+00, 0.00e+00, 0.00e+00|  (0, 0)   | [44] - [] 
[00000063]   58|      -323|-1.55e+01, 1.03e+01,-8.51e+00| 0.00e+00, 0.00e+00, 0.00e+00| 2.04e+01| 2 |[    0   ]|-8.14e+00, 5.51e+00,-4.80e+00|-8.14e+00, 5.51e+00,-4.80e+00| 8.73e-01|-1.00e+00| 0.00e+00, 0.00e+00, 0.00e+00|  (0, 0)   | [47] - [63,64] 
[00000064]   59|       211|-7.57e+00, 4.85e+00,-4.63e+00| 0.00e+00, 0.00e+00, 0.00e+00| 1.01e+01| 1 |[    0   ]|-8.14e+00, 5.51e+00,-4.80e+00| 0.00e+00, 0.00e+00, 0.00e+00| 1.40e-01| 1.00e+00| 0.00e+00, 0.00e+00, 0.00e+00|  (0, 0)   | [47] - [] 
[00000065]   60|       211| 4.45e+00, 2.84e-01,-5.93e+00| 0.00e+00, 0.00e+00, 0.00e+00| 7.42e+00| 1 |[    0   ]| 5.17e+01, 4.70e+00,-7.24e+01| 0.00e+00, 0.00e+00, 0.00e+00| 1.40e-01| 1.00e+00| 0.00e+00, 0.00e+00, 0.00e+00|  (0, 0)   | [49] - [] 
[00000066]   61|      -211| 5.88e+00, 6.55e-01,-8.54e+00| 0.00e+00, 0.00e+00, 0.00e+00| 1.04e+01| 1 |[    0   ]| 5.17e+01, 4.70e+00,-7.24e+01| 0.00e+00, 0.00e+00, 0.00e+00| 1.40e-01|-1.00e+00| 0.00e+00, 0.00e+00, 0.00e+00|  (0, 0)   | [49] - [] 
[00000067]   62|       130| 5.65e-01, 6.31e-02,-1.09e+00| 0.00e+00, 0.00e+00, 0.00e+00| 1.33e+00| 1 |[    0   ]| 0.00e+00, 0.00e+00, 0.00e+00| 0.00e+00, 0.00e+00, 0.00e+00| 4.98e-01| 0.00e+00| 0.00e+00, 0.00e+00, 0.00e+00|  (0, 0)   | [52] - [] 
[00000068]   63|      -321|-6.88e+00, 4.71e+00,-3.62e+00| 0.00e+00, 0.00e+00, 0.00e+00| 9.10e+00| 1 |[    0   ]|-8.14e+00, 5.51e+00,-4.80e+00| 0.00e+00, 0.00e+00, 0.00e+00| 4.94e-01|-1.00e+00| 0.00e+00, 0.00e+00, 0.00e+00|  (0, 0)   | [58] - [] 
[00000069]   64|       111|-8.57e+00, 5.58e+00,-4.89e+00| 0.00e+00, 0.00e+00, 0.00e+00| 1.13e+01| 2 |[    0   ]|-8.14e+00, 5.51e+00,-4.80e+00|-8.14e+00, 5.51e+00,-4.80e+00| 1.35e-01| 0.00e+00| 0.00e+00, 0.00e+00, 0.00e+00|  (0, 0)   | [58] - [65,66] 
[00000070]   65|        22|-1.43e+00, 8.72e-01,-8.02e-01| 0.00e+00, 0.00e+00, 0.00e+00| 1.86e+00| 1 |[    0   ]|-8.14e+00, 5.51e+00,-4.80e+00| 0.00e+00, 0.00e+00, 0.00e+00|-2.11e-08| 0.00e+00| 0.00e+00, 0.00e+00, 0.00e+00|  (0, 0)   | [64] - [] 
[00000071]   66|        22|-7.14e+00, 4.71e+00,-4.09e+00| 0.00e+00, 0.00e+00, 0.00e+00| 9.48e+00| 1 |[    0   ]|-8.14e+00, 5.51e+00,-4.80e+00| 0.00e+00, 0.00e+00, 0.00e+00| 0.00e+00| 0.00e+00| 0.00e+00, 0.00e+00, 0.00e+00|  (0, 0)   | [64] - [] 

-------------------------------------------------------------------------------- 
