
============================================================================
        Event  : 3 - run:  500106 - timestamp 1603205047000000000 - weight 1
============================================================================
 date:      20.10.2020  14:44:07.000000000
 detector : unknown
 event parameters: 
 parameter Event Number [int]: 3, 
 parameter ProcessID [int]: 500106, 
 parameter Run ID [int]: 500106, 
 parameter beamPDG1 [int]: 11, 
 parameter beamPDG2 [int]: -11, 
 parameter Energy [float]: 250, 
 parameter _weight [float]: 1, 
 parameter alphaQCD [float]: 1e-06, 
 parameter beamPol1 [float]: -1, 
 parameter beamPol2 [float]: 1, 
 parameter crossSection [float]: 10264, 
 parameter crossSectionError [float]: 5.54532, 
 parameter scale [float]: 249.85, 
 parameter sqme [float]: 9.17747e+13, 
 parameter BeamSpectrum [string]: CIRCE2: energy_spread/250_SetA_ee024.circe, 
 parameter processName [string]: sw_sl0, 

 collection name : MCParticle
 parameters: 

--------------- print out of MCParticle collection --------------- 

  flag:  0x0
  simulator status bits: [sbvtcls]  s: created in simulation b: backscatter v: vertex is not endpoint of parent t: decayed in tracker c: decayed in calorimeter l: has left detector s: stopped o: overlay


[   id   ]index|      PDG |    px,     py,        pz    | px_ep,   py_ep , pz_ep      | energy  |gen|[simstat ]| vertex x,     y   ,   z     | endpoint x,    y  ,   z     |    mass |  charge |            spin             | colorflow | [parents] - [daughters]

[00000005]    0|        11| 0.00e+00, 0.00e+00, 1.25e+02| 0.00e+00, 0.00e+00, 0.00e+00| 1.25e+02| 4 |[    0   ]| 0.00e+00, 0.00e+00, 0.00e+00| 0.00e+00, 0.00e+00, 0.00e+00| 5.11e-04|-1.00e+00| 0.00e+00, 0.00e+00, 0.00e+00|  (0, 0)   | [] - [2,3] 
[00000006]    1|       -11| 0.00e+00, 0.00e+00,-1.25e+02| 0.00e+00, 0.00e+00, 0.00e+00| 1.25e+02| 4 |[    0   ]| 0.00e+00, 0.00e+00, 0.00e+00| 0.00e+00, 0.00e+00, 0.00e+00| 5.11e-04| 1.00e+00| 0.00e+00, 0.00e+00, 0.00e+00|  (0, 0)   | [] - [2,3] 
[00000007]    2|        11| 0.00e+00, 0.00e+00, 1.25e+02| 0.00e+00, 0.00e+00, 0.00e+00| 1.25e+02| 2 |[    0   ]| 0.00e+00, 0.00e+00, 0.00e+00| 0.00e+00, 0.00e+00, 0.00e+00| 5.11e-04|-1.00e+00| 0.00e+00, 0.00e+00, 0.00e+00|  (0, 0)   | [0,1] - [4,6] 
[00000008]    3|       -11| 0.00e+00, 0.00e+00,-1.25e+02| 0.00e+00, 0.00e+00, 0.00e+00| 1.25e+02| 2 |[    0   ]| 0.00e+00, 0.00e+00, 0.00e+00| 0.00e+00, 0.00e+00, 0.00e+00| 5.11e-04| 1.00e+00| 0.00e+00, 0.00e+00, 0.00e+00|  (0, 0)   | [0,1] - [5,7] 
[00000009]    4|        11|-1.02e-15, 5.67e-14, 1.25e+02| 0.00e+00, 0.00e+00, 0.00e+00| 1.25e+02| 3 |[    0   ]| 0.00e+00, 0.00e+00, 0.00e+00| 0.00e+00, 0.00e+00, 0.00e+00| 5.11e-04|-1.00e+00| 0.00e+00, 0.00e+00, 0.00e+00|  (0, 0)   | [2] - [8,9,10,11] 
[00000010]    5|       -11|-6.52e-07,-1.56e-06,-1.25e+02| 0.00e+00, 0.00e+00, 0.00e+00| 1.25e+02| 3 |[    0   ]| 0.00e+00, 0.00e+00, 0.00e+00| 0.00e+00, 0.00e+00, 0.00e+00| 5.11e-04| 1.00e+00| 0.00e+00, 0.00e+00, 0.00e+00|  (0, 0)   | [3] - [8,9,10,11] 
[00000011]    6|        22| 1.02e-15,-5.67e-14,-7.68e-14| 0.00e+00, 0.00e+00, 0.00e+00| 9.55e-14| 1 |[    0   ]| 0.00e+00, 0.00e+00, 0.00e+00| 0.00e+00, 0.00e+00, 0.00e+00| 1.69e-21| 0.00e+00| 0.00e+00, 0.00e+00, 0.00e+00|  (0, 0)   | [2] - [] 
[00000012]    7|        22| 6.52e-07, 1.56e-06,-1.89e-06| 0.00e+00, 0.00e+00, 0.00e+00| 2.54e-06| 1 |[    0   ]| 0.00e+00, 0.00e+00, 0.00e+00| 0.00e+00, 0.00e+00, 0.00e+00| 2.84e-14| 0.00e+00| 0.00e+00, 0.00e+00, 0.00e+00|  (0, 0)   | [3] - [] 
[00000013]    8|        -2| 6.23e+01,-4.06e+01, 4.85e+01| 0.00e+00, 0.00e+00, 0.00e+00| 8.88e+01| 2 |[    0   ]| 0.00e+00, 0.00e+00, 0.00e+00| 0.00e+00, 0.00e+00, 0.00e+00|-9.54e-07|-6.67e-01| 0.00e+00, 0.00e+00, 1.00e+00|  (0, 1)   | [4,5] - [12] 
[00000014]    9|         1|-2.96e+01, 6.59e+00, 2.63e+01| 0.00e+00, 0.00e+00, 0.00e+00| 4.02e+01| 2 |[    0   ]| 0.00e+00, 0.00e+00, 0.00e+00| 0.00e+00, 0.00e+00, 0.00e+00| 0.00e+00|-3.33e-01| 0.00e+00, 0.00e+00,-1.00e+00|  (1, 0)   | [4,5] - [12] 
[00000015]   10|       -11| 7.59e+00, 4.37e+01,-1.22e+01| 0.00e+00, 0.00e+00, 0.00e+00| 4.60e+01| 2 |[    0   ]| 0.00e+00, 0.00e+00, 0.00e+00| 0.00e+00, 0.00e+00, 0.00e+00| 5.11e-04| 1.00e+00| 0.00e+00, 0.00e+00, 1.00e+00|  (0, 0)   | [4,5] - [12] 
[00000016]   11|        12|-4.03e+01,-9.72e+00,-6.24e+01| 0.00e+00, 0.00e+00, 0.00e+00| 7.49e+01| 2 |[    0   ]| 0.00e+00, 0.00e+00, 0.00e+00| 0.00e+00, 0.00e+00, 0.00e+00|-1.35e-06| 0.00e+00| 0.00e+00, 0.00e+00,-1.00e+00|  (0, 0)   | [4,5] - [12] 
[00000017]   12|        94|-6.51e-07,-1.56e-06, 2.14e-01| 0.00e+00, 0.00e+00, 0.00e+00| 2.50e+02| 2 |[    0   ]| 0.00e+00, 0.00e+00, 0.00e+00| 0.00e+00, 0.00e+00, 0.00e+00| 2.50e+02| 0.00e+00| 0.00e+00, 0.00e+00, 0.00e+00|  (0, 0)   | [8,9,10,11] - [13,14,15,16] 
[00000018]   13|        -2| 5.92e+01,-3.85e+01, 4.61e+01| 0.00e+00, 0.00e+00, 0.00e+00| 9.70e+01| 2 |[    0   ]| 0.00e+00, 0.00e+00, 0.00e+00| 0.00e+00, 0.00e+00, 0.00e+00| 4.79e+01|-6.67e-01| 0.00e+00, 0.00e+00, 0.00e+00|  (0, 500)   | [12] - [17,18] 
[00000019]   14|         1|-2.81e+01, 6.26e+00, 2.50e+01| 0.00e+00, 0.00e+00, 0.00e+00| 3.81e+01| 2 |[    0   ]| 0.00e+00, 0.00e+00, 0.00e+00| 0.00e+00, 0.00e+00, 0.00e+00|-6.74e-07|-3.33e-01| 0.00e+00, 0.00e+00, 0.00e+00|  (500, 501)   | [12] - [29] 
[00000020]   15|       -11| 7.21e+00, 4.15e+01,-1.16e+01| 0.00e+00, 0.00e+00, 0.00e+00| 4.37e+01| 2 |[    0   ]| 0.00e+00, 0.00e+00, 0.00e+00| 0.00e+00, 0.00e+00, 0.00e+00| 5.86e-02| 1.00e+00| 0.00e+00, 0.00e+00, 0.00e+00|  (0, 0)   | [12] - [19,20] 
[00000021]   16|        12|-3.82e+01,-9.23e+00,-5.92e+01| 0.00e+00, 0.00e+00, 0.00e+00| 7.11e+01| 1 |[    0   ]| 0.00e+00, 0.00e+00, 0.00e+00| 0.00e+00, 0.00e+00, 0.00e+00| 0.00e+00| 0.00e+00| 0.00e+00, 0.00e+00, 0.00e+00|  (0, 0)   | [12] - [] 
[00000022]   17|        -2| 1.81e+01,-2.02e+01, 4.28e+01| 0.00e+00, 0.00e+00, 0.00e+00| 5.11e+01| 2 |[    0   ]| 0.00e+00, 0.00e+00, 0.00e+00| 0.00e+00, 0.00e+00, 0.00e+00| 7.21e+00|-6.67e-01| 0.00e+00, 0.00e+00, 0.00e+00|  (501, 502)   | [13] - [21,22] 
[00000023]   18|        21| 4.11e+01,-1.84e+01, 3.30e+00| 0.00e+00, 0.00e+00, 0.00e+00| 4.58e+01| 2 |[    0   ]| 0.00e+00, 0.00e+00, 0.00e+00| 0.00e+00, 0.00e+00, 0.00e+00| 8.01e+00| 0.00e+00| 0.00e+00, 0.00e+00, 0.00e+00|  (502, 503)   | [13] - [23,24] 
[00000024]   19|       -11| 7.21e+00, 4.15e+01,-1.16e+01| 0.00e+00, 0.00e+00, 0.00e+00| 4.37e+01| 1 |[    0   ]| 0.00e+00, 0.00e+00, 0.00e+00| 0.00e+00, 0.00e+00, 0.00e+00| 5.11e-04| 1.00e+00| 0.00e+00, 0.00e+00, 0.00e+00|  (0, 0)   | [15] - [] 
[00000025]   20|        22|-1.94e-05, 9.86e-05,-1.30e-04| 0.00e+00, 0.00e+00, 0.00e+00| 1.64e-04| 1 |[    0   ]| 0.00e+00, 0.00e+00, 0.00e+00| 0.00e+00, 0.00e+00, 0.00e+00|-2.57e-12| 0.00e+00| 0.00e+00, 0.00e+00, 0.00e+00|  (0, 0)   | [15] - [] 
[00000026]   21|        -2| 1.72e+01,-2.00e+01, 4.25e+01| 0.00e+00, 0.00e+00, 0.00e+00| 5.02e+01| 2 |[    0   ]| 0.00e+00, 0.00e+00, 0.00e+00| 0.00e+00, 0.00e+00, 0.00e+00| 4.24e+00|-6.67e-01| 0.00e+00, 0.00e+00, 0.00e+00|  (503, 504)   | [17] - [25,26] 
[00000027]   22|        21| 9.08e-01,-1.93e-01, 2.91e-01| 0.00e+00, 0.00e+00, 0.00e+00| 9.73e-01| 2 |[    0   ]| 0.00e+00, 0.00e+00, 0.00e+00| 0.00e+00, 0.00e+00, 0.00e+00|-1.83e-08| 0.00e+00| 0.00e+00, 0.00e+00, 0.00e+00|  (504, 505)   | [17] - [33] 
[00000028]   23|        21| 2.39e+00,-2.02e+00, 1.71e+00| 0.00e+00, 0.00e+00, 0.00e+00| 3.57e+00| 2 |[    0   ]| 0.00e+00, 0.00e+00, 0.00e+00| 0.00e+00, 0.00e+00, 0.00e+00|-5.96e-08| 0.00e+00| 0.00e+00, 0.00e+00, 0.00e+00|  (505, 506)   | [18] - [30] 
[00000029]   24|        21| 3.87e+01,-1.64e+01, 1.59e+00| 0.00e+00, 0.00e+00, 0.00e+00| 4.23e+01| 2 |[    0   ]| 0.00e+00, 0.00e+00, 0.00e+00| 0.00e+00, 0.00e+00, 0.00e+00| 4.40e+00| 0.00e+00| 0.00e+00, 0.00e+00, 0.00e+00|  (506, 507)   | [18] - [27,28] 
[00000030]   25|        -2| 1.56e+01,-1.68e+01, 3.44e+01| 0.00e+00, 0.00e+00, 0.00e+00| 4.13e+01| 2 |[    0   ]| 0.00e+00, 0.00e+00, 0.00e+00| 0.00e+00, 0.00e+00, 0.00e+00| 8.26e-07|-6.67e-01| 0.00e+00, 0.00e+00, 0.00e+00|  (507, 508)   | [21] - [35] 
[00000031]   26|        21| 1.58e+00,-3.13e+00, 8.09e+00| 0.00e+00, 0.00e+00, 0.00e+00| 8.82e+00| 2 |[    0   ]| 0.00e+00, 0.00e+00, 0.00e+00| 0.00e+00, 0.00e+00, 0.00e+00|-2.06e-07| 0.00e+00| 0.00e+00, 0.00e+00, 0.00e+00|  (508, 509)   | [21] - [34] 
[00000032]   27|        21| 3.12e+01,-1.28e+01, 2.99e+00| 0.00e+00, 0.00e+00, 0.00e+00| 3.39e+01| 2 |[    0   ]| 0.00e+00, 0.00e+00, 0.00e+00| 0.00e+00, 0.00e+00, 0.00e+00|-4.77e-07| 0.00e+00| 0.00e+00, 0.00e+00, 0.00e+00|  (509, 510)   | [24] - [32] 
[00000033]   28|        21| 7.44e+00,-3.51e+00,-1.40e+00| 0.00e+00, 0.00e+00, 0.00e+00| 8.34e+00| 2 |[    0   ]| 0.00e+00, 0.00e+00, 0.00e+00| 0.00e+00, 0.00e+00, 0.00e+00| 0.00e+00| 0.00e+00| 0.00e+00, 0.00e+00, 0.00e+00|  (510, 511)   | [24] - [31] 
[00000034]   29|         1|-2.81e+01, 6.26e+00, 2.50e+01| 0.00e+00, 0.00e+00, 0.00e+00| 3.81e+01| 2 |[    0   ]| 0.00e+00, 0.00e+00, 0.00e+00| 0.00e+00, 0.00e+00, 0.00e+00|-6.74e-07|-3.33e-01| 0.00e+00, 0.00e+00, 0.00e+00|  (511, 512)   | [14] - [36] 
[00000035]   30|        21| 2.39e+00,-2.02e+00, 1.71e+00| 0.00e+00, 0.00e+00, 0.00e+00| 3.57e+00| 2 |[    0   ]| 0.00e+00, 0.00e+00, 0.00e+00| 0.00e+00, 0.00e+00, 0.00e+00|-5.96e-08| 0.00e+00| 0.00e+00, 0.00e+00, 0.00e+00|  (512, 513)   | [23] - [36] 
[00000036]   31|        21| 7.44e+00,-3.51e+00,-1.40e+00| 0.00e+00, 0.00e+00, 0.00e+00| 8.34e+00| 2 |[    0   ]| 0.00e+00, 0.00e+00, 0.00e+00| 0.00e+00, 0.00e+00, 0.00e+00| 0.00e+00| 0.00e+00| 0.00e+00, 0.00e+00, 0.00e+00|  (513, 514)   | [28] - [36] 
[00000037]   32|        21| 3.12e+01,-1.28e+01, 2.99e+00| 0.00e+00, 0.00e+00, 0.00e+00| 3.39e+01| 2 |[    0   ]| 0.00e+00, 0.00e+00, 0.00e+00| 0.00e+00, 0.00e+00, 0.00e+00|-4.77e-07| 0.00e+00| 0.00e+00, 0.00e+00, 0.00e+00|  (514, 515)   | [27] - [36] 
[00000038]   33|        21| 9.08e-01,-1.93e-01, 2.91e-01| 0.00e+00, 0.00e+00, 0.00e+00| 9.73e-01| 2 |[    0   ]| 0.00e+00, 0.00e+00, 0.00e+00| 0.00e+00, 0.00e+00, 0.00e+00|-1.83e-08| 0.00e+00| 0.00e+00, 0.00e+00, 0.00e+00|  (515, 516)   | [22] - [36] 
[00000039]   34|        21| 1.58e+00,-3.13e+00, 8.09e+00| 0.00e+00, 0.00e+00, 0.00e+00| 8.82e+00| 2 |[    0   ]| 0.00e+00, 0.00e+00, 0.00e+00| 0.00e+00, 0.00e+00, 0.00e+00|-2.06e-07| 0.00e+00| 0.00e+00, 0.00e+00, 0.00e+00|  (516, 517)   | [26] - [36] 
[00000040]   35|        -2| 1.56e+01,-1.68e+01, 3.44e+01| 0.00e+00, 0.00e+00, 0.00e+00| 4.13e+01| 2 |[    0   ]| 0.00e+00, 0.00e+00, 0.00e+00| 0.00e+00, 0.00e+00, 0.00e+00| 8.26e-07|-6.67e-01| 0.00e+00, 0.00e+00, 0.00e+00|  (517, 0)   | [25] - [36] 
[00000041]   36|        92| 3.10e+01,-3.23e+01, 7.10e+01| 0.00e+00, 0.00e+00, 0.00e+00| 1.35e+02| 2 |[    0   ]| 0.00e+00, 0.00e+00, 0.00e+00| 0.00e+00, 0.00e+00, 0.00e+00| 1.06e+02| 0.00e+00| 0.00e+00, 0.00e+00, 0.00e+00|  (0, 0)   | [29,30,31,32,33,34,35] - [37,38,39,40,41,42,43,44,45,46,47,48,49,50,51,52] 
[00000042]   37|    -10213|-2.73e+01, 6.02e+00, 2.42e+01| 0.00e+00, 0.00e+00, 0.00e+00| 3.70e+01| 2 |[    0   ]| 0.00e+00, 0.00e+00, 0.00e+00| 0.00e+00, 0.00e+00, 0.00e+00| 1.28e+00|-1.00e+00| 0.00e+00, 0.00e+00, 0.00e+00|  (0, 0)   | [36] - [53,54] 
[00000043]   38|       113|-2.20e-01, 2.00e-01, 1.66e+00| 0.00e+00, 0.00e+00, 0.00e+00| 1.88e+00| 2 |[    0   ]| 0.00e+00, 0.00e+00, 0.00e+00| 0.00e+00, 0.00e+00, 0.00e+00| 8.36e-01| 0.00e+00| 0.00e+00, 0.00e+00, 0.00e+00|  (0, 0)   | [36] - [55,56] 
[00000044]   39|      2212| 2.56e+00,-1.66e+00,-3.00e-01| 0.00e+00, 0.00e+00, 0.00e+00| 3.21e+00| 1 |[    0   ]| 0.00e+00, 0.00e+00, 0.00e+00| 0.00e+00, 0.00e+00, 0.00e+00| 9.38e-01| 1.00e+00| 0.00e+00, 0.00e+00, 0.00e+00|  (0, 0)   | [36] - [] 
[00000045]   40|     -2212| 3.32e+00,-2.21e+00, 2.90e-01| 0.00e+00, 0.00e+00, 0.00e+00| 4.10e+00| 1 |[    0   ]| 0.00e+00, 0.00e+00, 0.00e+00| 0.00e+00, 0.00e+00, 0.00e+00| 9.38e-01|-1.00e+00| 0.00e+00, 0.00e+00, 0.00e+00|  (0, 0)   | [36] - [] 
[00000046]   41|       213| 6.28e+00,-3.00e+00, 4.92e-01| 0.00e+00, 0.00e+00, 0.00e+00| 7.01e+00| 2 |[    0   ]| 0.00e+00, 0.00e+00, 0.00e+00| 0.00e+00, 0.00e+00, 0.00e+00| 7.49e-01| 1.00e+00| 0.00e+00, 0.00e+00, 0.00e+00|  (0, 0)   | [36] - [57,58] 
[00000047]   42|     10113| 9.86e+00,-3.91e+00,-2.61e-01| 0.00e+00, 0.00e+00, 0.00e+00| 1.07e+01| 2 |[    0   ]| 0.00e+00, 0.00e+00, 0.00e+00| 0.00e+00, 0.00e+00, 0.00e+00| 1.27e+00| 0.00e+00| 0.00e+00, 0.00e+00, 0.00e+00|  (0, 0)   | [36] - [59,60] 
[00000048]   43|       313| 7.69e+00,-2.99e+00, 1.49e+00| 0.00e+00, 0.00e+00, 0.00e+00| 8.43e+00| 2 |[    0   ]| 0.00e+00, 0.00e+00, 0.00e+00| 0.00e+00, 0.00e+00, 0.00e+00| 8.81e-01| 0.00e+00| 0.00e+00, 0.00e+00, 0.00e+00|  (0, 0)   | [36] - [61,62] 
[00000049]   44|      -311| 1.89e+00,-5.46e-01, 3.81e-01| 0.00e+00, 0.00e+00, 0.00e+00| 2.06e+00| 2 |[    0   ]| 0.00e+00, 0.00e+00, 0.00e+00| 0.00e+00, 0.00e+00, 0.00e+00| 4.98e-01| 0.00e+00| 0.00e+00, 0.00e+00, 0.00e+00|  (0, 0)   | [36] - [63] 
[00000050]   45|      -213| 1.81e+00,-7.16e-01,-1.06e-01| 0.00e+00, 0.00e+00, 0.00e+00| 2.13e+00| 2 |[    0   ]| 0.00e+00, 0.00e+00, 0.00e+00| 0.00e+00, 0.00e+00, 0.00e+00| 8.57e-01|-1.00e+00| 0.00e+00, 0.00e+00, 0.00e+00|  (0, 0)   | [36] - [64,65] 
[00000051]   46|       211| 2.83e+00,-1.44e+00, 7.48e-01| 0.00e+00, 0.00e+00, 0.00e+00| 3.27e+00| 1 |[    0   ]| 0.00e+00, 0.00e+00, 0.00e+00| 0.00e+00, 0.00e+00, 0.00e+00| 1.40e-01| 1.00e+00| 0.00e+00, 0.00e+00, 0.00e+00|  (0, 0)   | [36] - [] 
[00000052]   47|      3112| 2.24e+00,-1.41e+00, 1.22e-01| 0.00e+00, 0.00e+00, 0.00e+00| 2.91e+00| 2 |[    0   ]| 0.00e+00, 0.00e+00, 0.00e+00| 6.28e+01,-3.94e+01, 3.42e+00| 1.20e+00|-1.00e+00| 0.00e+00, 0.00e+00, 0.00e+00|  (0, 0)   | [36] - [66,67] 
[00000053]   48|     -3112| 2.53e+00,-8.38e-01, 7.44e-01| 0.00e+00, 0.00e+00, 0.00e+00| 3.01e+00| 2 |[    0   ]| 0.00e+00, 0.00e+00, 0.00e+00| 9.62e+00,-3.19e+00, 2.83e+00| 1.20e+00| 1.00e+00| 0.00e+00, 0.00e+00, 0.00e+00|  (0, 0)   | [36] - [68,69] 
[00000054]   49|      -213| 2.00e+00,-2.94e+00, 6.16e+00| 0.00e+00, 0.00e+00, 0.00e+00| 7.14e+00| 2 |[    0   ]| 0.00e+00, 0.00e+00, 0.00e+00| 0.00e+00, 0.00e+00, 0.00e+00| 6.78e-01|-1.00e+00| 0.00e+00, 0.00e+00, 0.00e+00|  (0, 0)   | [36] - [70,71] 
[00000055]   50|       111| 6.16e+00,-6.25e+00, 1.30e+01| 0.00e+00, 0.00e+00, 0.00e+00| 1.57e+01| 2 |[    0   ]| 0.00e+00, 0.00e+00, 0.00e+00| 1.35e-03,-1.37e-03, 2.84e-03| 1.35e-01| 0.00e+00| 0.00e+00, 0.00e+00, 0.00e+00|  (0, 0)   | [36] - [72,73] 
[00000056]   51|       211| 4.59e-01,-6.95e-01, 1.85e+00| 0.00e+00, 0.00e+00, 0.00e+00| 2.03e+00| 1 |[    0   ]| 0.00e+00, 0.00e+00, 0.00e+00| 0.00e+00, 0.00e+00, 0.00e+00| 1.40e-01| 1.00e+00| 0.00e+00, 0.00e+00, 0.00e+00|  (0, 0)   | [36] - [] 
[00000057]   52|      -213| 8.92e+00,-9.88e+00, 2.06e+01| 0.00e+00, 0.00e+00, 0.00e+00| 2.45e+01| 2 |[    0   ]| 0.00e+00, 0.00e+00, 0.00e+00| 0.00e+00, 0.00e+00, 0.00e+00| 8.72e-01|-1.00e+00| 0.00e+00, 0.00e+00, 0.00e+00|  (0, 0)   | [36] - [74,75] 
[00000058]   53|       223|-1.90e+01, 4.47e+00, 1.65e+01| 0.00e+00, 0.00e+00, 0.00e+00| 2.55e+01| 2 |[    0   ]| 0.00e+00, 0.00e+00, 0.00e+00| 0.00e+00, 0.00e+00, 0.00e+00| 7.83e-01| 0.00e+00| 0.00e+00, 0.00e+00, 0.00e+00|  (0, 0)   | [37] - [76,77,78] 
[00000059]   54|      -211|-8.33e+00, 1.55e+00, 7.67e+00| 0.00e+00, 0.00e+00, 0.00e+00| 1.14e+01| 1 |[    0   ]| 0.00e+00, 0.00e+00, 0.00e+00| 0.00e+00, 0.00e+00, 0.00e+00| 1.40e-01|-1.00e+00| 0.00e+00, 0.00e+00, 0.00e+00|  (0, 0)   | [37] - [] 
[00000060]   55|      -211|-9.22e-02, 3.55e-01, 2.84e-01| 0.00e+00, 0.00e+00, 0.00e+00| 4.85e-01| 1 |[    0   ]| 0.00e+00, 0.00e+00, 0.00e+00| 0.00e+00, 0.00e+00, 0.00e+00| 1.40e-01|-1.00e+00| 0.00e+00, 0.00e+00, 0.00e+00|  (0, 0)   | [38] - [] 
[00000061]   56|       211|-1.27e-01,-1.56e-01, 1.38e+00| 0.00e+00, 0.00e+00, 0.00e+00| 1.40e+00| 1 |[    0   ]| 0.00e+00, 0.00e+00, 0.00e+00| 0.00e+00, 0.00e+00, 0.00e+00| 1.40e-01| 1.00e+00| 0.00e+00, 0.00e+00, 0.00e+00|  (0, 0)   | [38] - [] 
[00000062]   57|       211| 4.79e+00,-2.37e+00, 9.89e-02| 0.00e+00, 0.00e+00, 0.00e+00| 5.35e+00| 1 |[    0   ]| 0.00e+00, 0.00e+00, 0.00e+00| 0.00e+00, 0.00e+00, 0.00e+00| 1.40e-01| 1.00e+00| 0.00e+00, 0.00e+00, 0.00e+00|  (0, 0)   | [41] - [] 
[00000063]   58|       111| 1.48e+00,-6.30e-01, 3.93e-01| 0.00e+00, 0.00e+00, 0.00e+00| 1.66e+00| 2 |[    0   ]| 0.00e+00, 0.00e+00, 0.00e+00| 9.30e-05,-3.95e-05, 2.47e-05| 1.35e-01| 0.00e+00| 0.00e+00, 0.00e+00, 0.00e+00|  (0, 0)   | [41] - [79,80] 
[00000064]   59|       223| 8.57e+00,-3.10e+00,-1.03e-01| 0.00e+00, 0.00e+00, 0.00e+00| 9.15e+00| 2 |[    0   ]| 0.00e+00, 0.00e+00, 0.00e+00| 0.00e+00, 0.00e+00, 0.00e+00| 7.68e-01| 0.00e+00| 0.00e+00, 0.00e+00, 0.00e+00|  (0, 0)   | [42] - [81,82,83] 
[00000065]   60|       111| 1.28e+00,-8.19e-01,-1.58e-01| 0.00e+00, 0.00e+00, 0.00e+00| 1.54e+00| 2 |[    0   ]| 0.00e+00, 0.00e+00, 0.00e+00| 8.38e-05,-5.34e-05,-1.03e-05| 1.35e-01| 0.00e+00| 0.00e+00, 0.00e+00, 0.00e+00|  (0, 0)   | [42] - [84,85] 
[00000066]   61|       321| 6.46e+00,-2.71e+00, 1.14e+00| 0.00e+00, 0.00e+00, 0.00e+00| 7.11e+00| 1 |[    0   ]| 0.00e+00, 0.00e+00, 0.00e+00| 0.00e+00, 0.00e+00, 0.00e+00| 4.94e-01| 1.00e+00| 0.00e+00, 0.00e+00, 0.00e+00|  (0, 0)   | [43] - [] 
[00000067]   62|      -211| 1.23e+00,-2.83e-01, 3.46e-01| 0.00e+00, 0.00e+00, 0.00e+00| 1.32e+00| 1 |[    0   ]| 0.00e+00, 0.00e+00, 0.00e+00| 0.00e+00, 0.00e+00, 0.00e+00| 1.40e-01|-1.00e+00| 0.00e+00, 0.00e+00, 0.00e+00|  (0, 0)   | [43] - [] 
[00000068]   63|       130| 1.89e+00,-5.46e-01, 3.81e-01| 0.00e+00, 0.00e+00, 0.00e+00| 2.06e+00| 1 |[    0   ]| 0.00e+00, 0.00e+00, 0.00e+00| 0.00e+00, 0.00e+00, 0.00e+00| 4.98e-01| 0.00e+00| 0.00e+00, 0.00e+00, 0.00e+00|  (0, 0)   | [44] - [] 
[00000069]   64|      -211| 1.73e+00,-4.38e-01,-1.83e-01| 0.00e+00, 0.00e+00, 0.00e+00| 1.80e+00| 1 |[    0   ]| 0.00e+00, 0.00e+00, 0.00e+00| 0.00e+00, 0.00e+00, 0.00e+00| 1.40e-01|-1.00e+00| 0.00e+00, 0.00e+00, 0.00e+00|  (0, 0)   | [45] - [] 
[00000070]   65|       111| 7.80e-02,-2.78e-01, 7.77e-02| 0.00e+00, 0.00e+00, 0.00e+00| 3.28e-01| 2 |[    0   ]| 0.00e+00, 0.00e+00, 0.00e+00| 1.65e-06,-5.87e-06, 1.64e-06| 1.35e-01| 0.00e+00| 0.00e+00, 0.00e+00, 0.00e+00|  (0, 0)   | [45] - [86,87] 
[00000071]   66|      2112| 1.69e+00,-1.15e+00, 2.68e-01| 0.00e+00, 0.00e+00, 0.00e+00| 2.27e+00| 1 |[    0   ]| 6.28e+01,-3.94e+01, 3.42e+00| 0.00e+00, 0.00e+00, 0.00e+00| 9.40e-01| 0.00e+00| 0.00e+00, 0.00e+00, 0.00e+00|  (0, 0)   | [47] - [] 
[00000072]   67|      -211| 5.54e-01,-2.53e-01,-1.46e-01| 0.00e+00, 0.00e+00, 0.00e+00| 6.42e-01| 1 |[    0   ]| 6.28e+01,-3.94e+01, 3.42e+00| 0.00e+00, 0.00e+00, 0.00e+00| 1.40e-01|-1.00e+00| 0.00e+00, 0.00e+00, 0.00e+00|  (0, 0)   | [47] - [] 
[00000073]   68|     -2112| 1.95e+00,-8.48e-01, 6.18e-01| 0.00e+00, 0.00e+00, 0.00e+00| 2.40e+00| 1 |[    0   ]| 9.62e+00,-3.19e+00, 2.83e+00| 0.00e+00, 0.00e+00, 0.00e+00| 9.40e-01| 0.00e+00| 0.00e+00, 0.00e+00, 0.00e+00|  (0, 0)   | [48] - [] 
[00000074]   69|       211| 5.79e-01, 9.74e-03, 1.26e-01| 0.00e+00, 0.00e+00, 0.00e+00| 6.09e-01| 1 |[    0   ]| 9.62e+00,-3.19e+00, 2.83e+00| 0.00e+00, 0.00e+00, 0.00e+00| 1.40e-01| 1.00e+00| 0.00e+00, 0.00e+00, 0.00e+00|  (0, 0)   | [48] - [] 
[00000075]   70|      -211| 5.77e-01,-1.24e+00, 2.76e+00| 0.00e+00, 0.00e+00, 0.00e+00| 3.09e+00| 1 |[    0   ]| 0.00e+00, 0.00e+00, 0.00e+00| 0.00e+00, 0.00e+00, 0.00e+00| 1.40e-01|-1.00e+00| 0.00e+00, 0.00e+00, 0.00e+00|  (0, 0)   | [49] - [] 
[00000076]   71|       111| 1.42e+00,-1.71e+00, 3.39e+00| 0.00e+00, 0.00e+00, 0.00e+00| 4.06e+00| 2 |[    0   ]| 0.00e+00, 0.00e+00, 0.00e+00| 6.76e-05,-8.12e-05, 1.61e-04| 1.35e-01| 0.00e+00| 0.00e+00, 0.00e+00, 0.00e+00|  (0, 0)   | [49] - [88,89] 
[00000077]   72|        22| 2.29e+00,-2.41e+00, 4.92e+00| 0.00e+00, 0.00e+00, 0.00e+00| 5.94e+00| 1 |[    0   ]| 1.35e-03,-1.37e-03, 2.84e-03| 0.00e+00, 0.00e+00, 0.00e+00| 0.00e+00| 0.00e+00| 0.00e+00, 0.00e+00, 0.00e+00|  (0, 0)   | [50] - [] 
[00000078]   73|        22| 3.87e+00,-3.84e+00, 8.08e+00| 0.00e+00, 0.00e+00, 0.00e+00| 9.75e+00| 1 |[    0   ]| 1.35e-03,-1.37e-03, 2.84e-03| 0.00e+00, 0.00e+00, 0.00e+00|-1.69e-07| 0.00e+00| 0.00e+00, 0.00e+00, 0.00e+00|  (0, 0)   | [50] - [] 
[00000079]   74|      -211| 2.27e+00,-2.99e+00, 5.48e+00| 0.00e+00, 0.00e+00, 0.00e+00| 6.64e+00| 1 |[    0   ]| 0.00e+00, 0.00e+00, 0.00e+00| 0.00e+00, 0.00e+00, 0.00e+00| 1.40e-01|-1.00e+00| 0.00e+00, 0.00e+00, 0.00e+00|  (0, 0)   | [52] - [] 
[00000080]   75|       111| 6.65e+00,-6.89e+00, 1.51e+01| 0.00e+00, 0.00e+00, 0.00e+00| 1.79e+01| 2 |[    0   ]| 0.00e+00, 0.00e+00, 0.00e+00| 6.23e-04,-6.45e-04, 1.42e-03| 1.35e-01| 0.00e+00| 0.00e+00, 0.00e+00, 0.00e+00|  (0, 0)   | [52] - [90,91] 
[00000081]   76|      -211|-1.16e+00, 3.29e-01, 9.54e-01| 0.00e+00, 0.00e+00, 0.00e+00| 1.55e+00| 1 |[    0   ]| 0.00e+00, 0.00e+00, 0.00e+00| 0.00e+00, 0.00e+00, 0.00e+00| 1.40e-01|-1.00e+00| 0.00e+00, 0.00e+00, 0.00e+00|  (0, 0)   | [53] - [] 
[00000082]   77|       211|-4.19e+00, 8.94e-01, 3.54e+00| 0.00e+00, 0.00e+00, 0.00e+00| 5.56e+00| 1 |[    0   ]| 0.00e+00, 0.00e+00, 0.00e+00| 0.00e+00, 0.00e+00, 0.00e+00| 1.40e-01| 1.00e+00| 0.00e+00, 0.00e+00, 0.00e+00|  (0, 0)   | [53] - [] 
[00000083]   78|       111|-1.36e+01, 3.25e+00, 1.20e+01| 0.00e+00, 0.00e+00, 0.00e+00| 1.84e+01| 2 |[    0   ]| 0.00e+00, 0.00e+00, 0.00e+00|-2.58e-04, 6.15e-05, 2.27e-04| 1.35e-01| 0.00e+00| 0.00e+00, 0.00e+00, 0.00e+00|  (0, 0)   | [53] - [92,93] 
[00000084]   79|        22| 8.32e-01,-4.26e-01, 2.34e-01| 0.00e+00, 0.00e+00, 0.00e+00| 9.64e-01| 1 |[    0   ]| 9.30e-05,-3.95e-05, 2.47e-05| 0.00e+00, 0.00e+00, 0.00e+00| 0.00e+00| 0.00e+00| 0.00e+00, 0.00e+00, 0.00e+00|  (0, 0)   | [58] - [] 
[00000085]   80|        22| 6.51e-01,-2.05e-01, 1.59e-01| 0.00e+00, 0.00e+00, 0.00e+00| 7.00e-01| 1 |[    0   ]| 9.30e-05,-3.95e-05, 2.47e-05| 0.00e+00, 0.00e+00, 0.00e+00| 1.49e-08| 0.00e+00| 0.00e+00, 0.00e+00, 0.00e+00|  (0, 0)   | [58] - [] 
[00000086]   81|       211| 2.28e+00,-9.37e-01, 1.24e-01| 0.00e+00, 0.00e+00, 0.00e+00| 2.47e+00| 1 |[    0   ]| 0.00e+00, 0.00e+00, 0.00e+00| 0.00e+00, 0.00e+00, 0.00e+00| 1.40e-01| 1.00e+00| 0.00e+00, 0.00e+00, 0.00e+00|  (0, 0)   | [59] - [] 
[00000087]   82|      -211| 5.03e+00,-1.58e+00,-2.41e-01| 0.00e+00, 0.00e+00, 0.00e+00| 5.28e+00| 1 |[    0   ]| 0.00e+00, 0.00e+00, 0.00e+00| 0.00e+00, 0.00e+00, 0.00e+00| 1.40e-01|-1.00e+00| 0.00e+00, 0.00e+00, 0.00e+00|  (0, 0)   | [59] - [] 
[00000088]   83|       111| 1.26e+00,-5.77e-01, 1.41e-02| 0.00e+00, 0.00e+00, 0.00e+00| 1.39e+00| 2 |[    0   ]| 0.00e+00, 0.00e+00, 0.00e+00| 1.10e-04,-5.06e-05, 1.24e-06| 1.35e-01| 0.00e+00| 0.00e+00, 0.00e+00, 0.00e+00|  (0, 0)   | [59] - [94,95] 
[00000089]   84|        22| 3.86e-01,-1.80e-01,-6.80e-02| 0.00e+00, 0.00e+00, 0.00e+00| 4.32e-01| 1 |[    0   ]| 8.38e-05,-5.34e-05,-1.03e-05| 0.00e+00, 0.00e+00, 0.00e+00| 0.00e+00| 0.00e+00| 0.00e+00, 0.00e+00, 0.00e+00|  (0, 0)   | [60] - [] 
[00000090]   85|        22| 8.98e-01,-6.39e-01,-9.01e-02| 0.00e+00, 0.00e+00, 0.00e+00| 1.11e+00| 1 |[    0   ]| 8.38e-05,-5.34e-05,-1.03e-05| 0.00e+00, 0.00e+00, 0.00e+00|-2.98e-08| 0.00e+00| 0.00e+00, 0.00e+00, 0.00e+00|  (0, 0)   | [60] - [] 
[00000091]   86|        22| 3.59e-02,-9.48e-02,-3.69e-02| 0.00e+00, 0.00e+00, 0.00e+00| 1.08e-01| 1 |[    0   ]| 1.65e-06,-5.87e-06, 1.64e-06| 0.00e+00, 0.00e+00, 0.00e+00| 2.28e-09| 0.00e+00| 0.00e+00, 0.00e+00, 0.00e+00|  (0, 0)   | [65] - [] 
[00000092]   87|        22| 4.21e-02,-1.83e-01, 1.15e-01| 0.00e+00, 0.00e+00, 0.00e+00| 2.20e-01| 1 |[    0   ]| 1.65e-06,-5.87e-06, 1.64e-06| 0.00e+00, 0.00e+00, 0.00e+00|-3.73e-09| 0.00e+00| 0.00e+00, 0.00e+00, 0.00e+00|  (0, 0)   | [65] - [] 
[00000093]   88|        22| 3.87e-01,-5.16e-01, 1.08e+00| 0.00e+00, 0.00e+00, 0.00e+00| 1.26e+00| 1 |[    0   ]| 6.76e-05,-8.12e-05, 1.61e-04| 0.00e+00, 0.00e+00, 0.00e+00| 2.11e-08| 0.00e+00| 0.00e+00, 0.00e+00, 0.00e+00|  (0, 0)   | [71] - [] 
[00000094]   89|        22| 1.03e+00,-1.19e+00, 2.31e+00| 0.00e+00, 0.00e+00, 0.00e+00| 2.80e+00| 1 |[    0   ]| 6.76e-05,-8.12e-05, 1.61e-04| 0.00e+00, 0.00e+00, 0.00e+00| 0.00e+00| 0.00e+00| 0.00e+00, 0.00e+00, 0.00e+00|  (0, 0)   | [71] - [] 
[00000095]   90|        22| 4.23e+00,-4.47e+00, 9.66e+00| 0.00e+00, 0.00e+00, 0.00e+00| 1.15e+01| 1 |[    0   ]| 6.23e-04,-6.45e-04, 1.42e-03| 0.00e+00, 0.00e+00, 0.00e+00|-2.38e-07| 0.00e+00| 0.00e+00, 0.00e+00, 0.00e+00|  (0, 0)   | [75] - [] 
[00000096]   91|        22| 2.42e+00,-2.42e+00, 5.45e+00| 0.00e+00, 0.00e+00, 0.00e+00| 6.44e+00| 1 |[    0   ]| 6.23e-04,-6.45e-04, 1.42e-03| 0.00e+00, 0.00e+00, 0.00e+00|-8.43e-08| 0.00e+00| 0.00e+00, 0.00e+00, 0.00e+00|  (0, 0)   | [75] - [] 
[00000097]   92|        22|-4.24e+00, 1.07e+00, 3.77e+00| 0.00e+00, 0.00e+00, 0.00e+00| 5.77e+00| 1 |[    0   ]|-2.58e-04, 6.15e-05, 2.27e-04| 0.00e+00, 0.00e+00, 0.00e+00|-8.43e-08| 0.00e+00| 0.00e+00, 0.00e+00, 0.00e+00|  (0, 0)   | [78] - [] 
[00000098]   93|        22|-9.37e+00, 2.17e+00, 8.24e+00| 0.00e+00, 0.00e+00, 0.00e+00| 1.27e+01| 1 |[    0   ]|-2.58e-04, 6.15e-05, 2.27e-04| 0.00e+00, 0.00e+00, 0.00e+00|-2.92e-07| 0.00e+00| 0.00e+00, 0.00e+00, 0.00e+00|  (0, 0)   | [78] - [] 
[00000099]   94|        22| 1.11e+00,-5.36e-01,-2.29e-02| 0.00e+00, 0.00e+00, 0.00e+00| 1.24e+00| 1 |[    0   ]| 1.10e-04,-5.06e-05, 1.24e-06| 0.00e+00, 0.00e+00, 0.00e+00| 2.58e-08| 0.00e+00| 0.00e+00, 0.00e+00, 0.00e+00|  (0, 0)   | [83] - [] 
[00000100]   95|        22| 1.46e-01,-4.15e-02, 3.70e-02| 0.00e+00, 0.00e+00, 0.00e+00| 1.56e-01| 1 |[    0   ]| 1.10e-04,-5.06e-05, 1.24e-06| 0.00e+00, 0.00e+00, 0.00e+00|-3.73e-09| 0.00e+00| 0.00e+00, 0.00e+00, 0.00e+00|  (0, 0)   | [83] - [] 

-------------------------------------------------------------------------------- 
